20 0.6765550323993196 0.22543411976974942 0.11800349945184578 0.20621777286549073
10 0.5404811231434925 0.224593327666965 0.12618802168436433 0.19479912322831047
4 0.35211802758999616 0.2203621515360968 0.12548861723786064 0.1971155913771451
1 0.22197665980398132 0.2064310823914704 0.10805558057737183 0.1894841406515056
1 0.08868297704969122 0.4395659862050019 0.08320934800056701 0.17066965326537745
1 0.40885906779386405 0.4546577951828274 0.06640379391688285 0.18100695253973792
1 0.49415663921592523 0.8119742765785058 0.04218255471665629 0.11305556070710594
14 0.6887102589008567 0.4597371979000505 0.10045141170289788 0.17283235399101676
14 0.4137424529182561 0.8076017459084668 0.07766618693064124 0.12365824400955035
22 0.33311001181126354 0.8094792152384276 0.08218999582364876 0.11913443511654265
23 0.5791988496450295 0.4598239887368907 0.09990577467958932 0.15720735399101676
4 0.5793401710670907 0.8141667483555375 0.06815477767481433 0.11942461179556503
10 0.7058208255135944 0.8209301582443368 0.06890874582364877 0.11867064364673041
20 0.7958555484717523 0.8185988211283609 0.07241569173996468 0.1297172710513923
7 0.22222707551359439 0.8040426923729369 0.07257938284695734 0.1344047710513923
9 0.13359116144844382 0.8111160931912437 0.07429565027015247 0.1165178666048888
9 0.006545088845256312 0.8022445462791357 0.013090177690512624 0.11698909255827132
6 0.058918543662428956 0.7991220354793624 0.07855656433530303 0.12681052586071556
0 0.3035267270496912 0.4470684952754945 0.11114337504240898 0.16618304990733285
5 0.1942335726031875 0.4409052861123347 0.11167908838192017 0.15917908175849824