20 0.22421875 0.31328125 0.065625 0.1
10 0.29921875 0.31640625 0.06171875 0.09375
0 0.3890625 0.31328125 0.0609375 0.09375
4 0.4609375 0.3140625 0.0640625 0.09453125
19 0.55390625 0.3125 0.059375 0.1046875
26 0.61953125 0.31640625 0.06015625 0.09453125
5 0.69921875 0.31328125 0.0609375 0.1
6 0.77578125 0.315625 0.059375 0.0859375
5 0.83984375 0.3109375 0.05390625 0.0953125
7 0.90625 0.31484375 0.0578125 0.09765625
20 0.40546875 0.5140625 0.08203125 0.1390625
10 0.503125 0.51328125 0.0796875 0.1296875
0 0.63125 0.515625 0.08046875 0.13203125
4 0.73203125 0.5140625 0.08515625 0.12578125
19 0.35546875 0.67734375 0.05546875 0.09921875
26 0.42578125 0.6796875 0.065625 0.09765625
5 0.50390625 0.66015625 0.08984375 0.13984375
6 0.59765625 0.66015625 0.084375 0.13671875
5 0.69296875 0.6609375 0.08828125 0.14140625
7 0.78125 0.659375 0.08359375 0.140625