32 0.24037913270899008 0.3129150418816133 0.06573982264544594 0.09982496572854575
11 0.3068262930174156 0.31912651550266685 0.06417732264544593 0.09973396046687402
7 0.4020978827089901 0.32233408646464967 0.06642561525911965 0.09440171835938171
4 0.47398651947846526 0.3273015785015547 0.06101141233702041 0.09720819994353028
10 0.5583615194784652 0.33221586263183456 0.060271072645445754 0.09950644731269431
21 0.623259816556366 0.33911758099121625 0.06018925202859489 0.09481894731269432
5 0.717791066556366 0.3446233993223632 0.06569891233702023 0.09748121572854576
8 0.788884816556366 0.34876413872843226 0.05395288879807012 0.095236176266007
2 0.8568944768647915 0.35506661761115776 0.05787277556754518 0.09624493942018653
3 0.922478566556366 0.35654508860137535 0.05629663879807012 0.0953726841585147
32 0.4051934293798537 0.4996778364646497 0.08034779342445279 0.1318940130835923
11 0.4950780896882792 0.5072543890107809 0.08197847727182861 0.13589126834526438
7 0.6630195661493289 0.5154749546405049 0.08355461404130367 0.13676352360693614
4 0.7598945661493288 0.5211172808641594 0.08274609050235338 0.13515552097610026
10 0.36190885389173866 0.6579306812453302 0.06105232264544593 0.09955194994353037
21 0.4306179435833132 0.6595911627588915 0.06258754910649564 0.0980804552052021
5 0.5107866846548594 0.6470904337349916 0.08118359050235338 0.13506451571442835
8 0.6021929346548595 0.6524142415427949 0.07258984050235337 0.13456398677523324
2 0.6983412317327602 0.6611360651356136 0.08189665665497756 0.1312037683452644
3 0.7896792978853843 0.6625536229434168 0.07645518019392786 0.13244774992941294