11 0.8382223433417273 0.38374267149118074 0.0507966611192046 0.13684772477225654
11 0.7874820036501526 0.3843131011654279 0.046150071427629766 0.13902778366526397
11 0.9515185990204748 0.8358632213985135 0.034558006492821744 0.10114583774894789
11 0.9077549622509995 0.8335541877332495 0.03633869480442442 0.11370040145127866
4 0.7179507536501527 0.3818850164117048 0.042834156654977563 0.12798115626060227
4 0.6686910933417272 0.3778225097882829 0.043697227271828606 0.13269593811176766
4 0.6717083680951982 0.8190650686812904 0.03779210064862326 0.10750496515360979
4 0.6311106416341485 0.819208912420688 0.041780171265474134 0.1123288744094367
4 0.5874015519425742 0.8200248787554241 0.03309096387914785 0.10656002404661713
4 0.8327413254815245 0.8301538800213685 0.040930737418098315 0.10839534255827132
4 0.7913214387120492 0.8279266919096008 0.039313690340197736 0.10521577885594055
4 0.8031633250777827 0.5222768926352401 0.053276778813956226 0.1447420703257528
4 0.7524502589251585 0.5244098223094873 0.04608188758025413 0.13512153366526397
4 0.7063292353862082 0.5212376930907271 0.044573934658154714 0.13819196996293304
4 0.6563428721556833 0.5202729046161398 0.04462848173605547 0.14131696996293322
23 0.8523957118472577 0.5247768992586621 0.04763075081077872 0.13439484736759474
23 0.7483526887120492 0.8264261900955023 0.036270510957048606 0.10979415145127902
6 0.5482163210172976 0.8116295361971527 0.03862789772652384 0.11065724700477517