29 0.4109375 0.565625 0.08359375 0.22578125
23 0.503125 0.56875 0.08203125 0.22734375
23 0.29296875 0.24609375 0.0640625 0.1796875
29 0.22265625 0.24296875 0.04921875 0.1765625
10 0.36015625 0.83359375 0.053125 0.1875
35 0.42578125 0.8390625 0.0609375 0.165625
1 0.50625 0.81328125 0.05390625 0.21484375
1 0.59375 0.80390625 0.04921875 0.21953125
1 0.7859375 0.24140625 0.0421875 0.17578125
1 0.7234375 0.24609375 0.04453125 0.1703125
6 0.47109375 0.240625 0.0546875 0.1609375
6 0.70546875 0.56796875 0.0859375 0.225
7 0.609375 0.56953125 0.08515625 0.2328125
7 0.92578125 0.2390625 0.05703125 0.1734375
7 0.403125 0.23984375 0.0625 0.16484375
35 0.61171875 0.2484375 0.0609375 0.171875
10 0.54296875 0.2453125 0.06015625 0.17109375
9 0.68515625 0.809375 0.08515625 0.21875
7 0.775 0.80546875 0.08515625 0.2234375
9 0.85546875 0.2421875 0.0609375 0.17421875