32 0.7641801042484128 0.6310901590068744 0.06279316818411544 0.09202515226045146
11 0.7016119080884786 0.6302011126540966 0.062011918184115444 0.09200696846486114
7 0.6118136221951013 0.6338547491469786 0.06343802586424747 0.08735583605604162
4 0.54382214014179 0.6346554893633328 0.05881872202418137 0.0895904832825
10 0.4649386221951014 0.637273302717951 0.05732441818411545 0.0918978656913195
21 0.40312894398185595 0.635584822569583 0.05721075791755883 0.0879916156913195
5 0.3140437119285446 0.6368765252668748 0.06272497202418155 0.08968140226045129
8 0.2468562119285446 0.6384403316876387 0.05174200791755883 0.08786432912218753
2 0.18352949782192193 0.6383507191304513 0.055670989970870145 0.08873649810013902
3 0.12109769398185596 0.6421491727776736 0.054085757917558784 0.08791888050895835
32 0.6069489627864744 0.46666724914697866 0.07693823620994636 0.12202177678548623
11 0.5225284986798517 0.46706859907072873 0.07939564647650314 0.12598257817225705
7 0.36395748073316314 0.4715411595755553 0.0801996285298145 0.1267820119678472
4 0.2725739627864744 0.4744499136596178 0.07935018236988042 0.12442007817225705
10 0.6462889444440745 0.3140864565939231 0.05888691818411544 0.09193423328249999
21 0.5815133906040083 0.3179394616279162 0.059622704077492726 0.09038991707809033
5 0.5062095137235465 0.33610953980017316 0.07778768236988043 0.12438371058107638
8 0.4194907637235466 0.33812794111069405 0.06919393236988043 0.12418368882958344
2 0.3295788175636125 0.3378753276035761 0.07847800415663517 0.12127689437666671
3 0.2437322457768579 0.34300054511850675 0.0738359682632578 0.12273029160312507