20 0.18203125 0.37578125 0.07578125 0.1453125
20 0.1828125 0.63515625 0.08515625 0.13359375
20 0.58125 0.37890625 0.08046875 0.1453125
20 0.5796875 0.634375 0.0703125 0.12734375
10 0.26484375 0.38125 0.07109375 0.125
10 0.2640625 0.63828125 0.06484375 0.1265625
0 0.34609375 0.38046875 0.06484375 0.12578125
0 0.34609375 0.634375 0.0640625 0.12109375
2 0.42421875 0.3828125 0.07109375 0.13125
2 0.42578125 0.63671875 0.078125 0.1328125
22 0.50625 0.63515625 0.06796875 0.1296875
22 0.503125 0.3828125 0.0671875 0.13359375
6 0.6640625 0.63984375 0.06875 0.13046875
6 0.6640625 0.38203125 0.06484375 0.1328125
6 0.82265625 0.38203125 0.075 0.1296875
6 0.8234375 0.64296875 0.0734375 0.128125
5 0.7421875 0.640625 0.06875 0.134375
5 0.740625 0.3796875 0.0671875 0.128125
4 0.903125 0.38125 0.07890625 0.13125
4 0.90234375 0.63984375 0.06796875 0.13125