27 0.25078125 0.3421875 0.0578125 0.08515625
19 0.31875 0.34296875 0.05546875 0.0875
3 0.38515625 0.34140625 0.06015625 0.084375
6 0.4515625 0.34140625 0.05390625 0.08359375
28 0.5359375 0.33984375 0.05234375 0.0875
25 0.59375 0.3421875 0.05625 0.0921875
7 0.67890625 0.3375 0.05546875 0.0953125
6 0.74609375 0.3421875 0.05703125 0.0859375
3 0.8 0.340625 0.046875 0.0859375
6 0.8671875 0.340625 0.05234375 0.07890625
27 0.41953125 0.5296875 0.090625 0.10546875
19 0.5078125 0.52578125 0.07265625 0.10859375
3 0.63125 0.5265625 0.0640625 0.09375
6 0.71875 0.5265625 0.0625 0.09296875
28 0.3578125 0.653125 0.0515625 0.08984375
25 0.42109375 0.65703125 0.046875 0.0765625
7 0.496875 0.64453125 0.0625 0.1015625
6 0.58203125 0.6453125 0.06953125 0.11328125
3 0.66328125 0.64375 0.0671875 0.10234375
6 0.7484375 0.64296875 0.0671875 0.10703125