20 0.8585456938003663 0.6947424935005877 0.05521474082661797 0.09157957386326192
21 0.790586034159446 0.6919935945562479 0.05989315046753827 0.09009889448011296
5 0.6374519438003663 0.6908832877391146 0.05519656010845857 0.08845457386326191
8 0.5679206938003662 0.6896696152558244 0.05750849385167989 0.08302673417168727
10 0.4835547841594459 0.686634344152506 0.05128576492891881 0.08760514001588611
10 0.4140189889799061 0.6862019216692159 0.06148746672431678 0.09559491801906325
2 0.29368830826174686 0.6872268591700397 0.05833065046753827 0.09007162094116268
8 0.22103205826174688 0.6859586396088491 0.05441531010845857 0.08844093709378668
3 0.15382637754358763 0.6879108774339844 0.05517383421075954 0.08454832386326191
3 0.0827644438003663 0.6812011814117438 0.05600053600615764 0.09237446063273716
3 0.23855694330938695 0.3596688749983524 0.07488234621281205 0.11535799310014117
3 0.32140580474570546 0.3548643725627204 0.07721246067419267 0.11305515340856669
8 0.41278478366846655 0.3611473745913153 0.07329712031511307 0.11142446956119087
8 0.31595925976255734 0.48525130194586935 0.07644939139235189 0.11616651663909146
2 0.5010660336684666 0.36268832954200947 0.07020393657189175 0.11683867248329012
10 0.604985919207086 0.36215826988220706 0.0732834847764936 0.10908071956119088
10 0.6877938740275462 0.36438501744657514 0.06939996067419259 0.11291878571381497
20 0.6581603953011768 0.48888045697599375 0.07331530103327229 0.11454946956119087
21 0.5714325549420971 0.4889292755642499 0.07408746067419258 0.11300060633066593
5 0.4050263049420971 0.4860246436660388 0.07177552693097126 0.11842844602224041