20 0.16686499683513908 0.6143766382690939 0.08108136360966363 0.10748122277444097
21 0.2490872197932971 0.6093851321207738 0.07272322658635506 0.091810770979043
21 0.4434076825846541 0.41516347521032804 0.0802182680561673 0.1051329275949012
1 0.33477918313280824 0.6169163518701529 0.07873761360966362 0.10746758723582168
1 0.5417633370311578 0.4180799178323439 0.07533979509800943 0.09963690651766247
8 0.4091343423886354 0.6134418939264347 0.06504713584218216 0.09567156918364503
8 0.6198883370311578 0.4185344357863247 0.06074158175849824 0.10658179810640611
8 0.6616443058129645 0.29687760440423566 0.07040675843752045 0.09257838544042354
7 0.6543104331328082 0.6187753303019348 0.06660963584218216 0.09568065954272456
2 0.73176331053747 0.6161003030763758 0.06741816769334755 0.09646645472226431
8 0.80598206053747 0.6165320951326576 0.06456598620500173 0.10426077400410509
28 0.4989235286863044 0.6155270895735127 0.068090290288686 0.09334599990180407
28 0.3357812102594682 0.2973260145361353 0.07692957694917482 0.10042724687674198
2 0.5864235286863044 0.6160361496819713 0.06407491288402412 0.0901982740041051
2 0.4328471832176263 0.29242086679907164 0.06769098620500191 0.10427895472226431
7 0.5037226784083029 0.29908447813719424 0.060687018056167295 0.10501929810640602
2 0.5826834921106336 0.2979810412707149 0.06922620435383653 0.10350679508134401
20 0.35730649147766147 0.419351005460949 0.08286211841898705 0.11374031313352066