29 0.4301998613939972 0.42708030686720677 0.09024538136536223 0.24001287799792798
23 0.5262572487269063 0.4194796685301966 0.08791981269890758 0.2414662160872693
23 0.31063498543917695 0.7656420008285695 0.06936926002545336 0.19062930810555195
29 0.23724293877304053 0.7729686573625448 0.053707897358362545 0.1867765620344933
10 0.3738113120225899 0.14908589350880594 0.05775050735995322 0.19867724855225793
35 0.44170733668840806 0.13967019809970113 0.0652902873567717 0.1756036215877872
1 0.5264005100254534 0.16308411931598485 0.05885902136377137 0.22683863585581085
1 0.6171436886934988 0.16901944210384512 0.05423515603118041 0.2320890620344933
1 0.8255423701065862 0.7471315177871894 0.04588630669158959 0.185631438998964
1 0.7598628261059497 0.7455005512856355 0.048166422024180734 0.1802718509096229
6 0.49664521077335877 0.7632318225829724 0.058985743356135246 0.17062502315936393
6 0.7371947487269063 0.4096550965709058 0.09179879069858946 0.23930440260503386
7 0.6371765673933609 0.4127501714256807 0.09188969736631662 0.24711690260503386
7 0.9698747498806342 0.7427072293263447 0.060250500238731776 0.18405182237357548
7 0.42555146077335876 0.766543067206289 0.06684369668999893 0.17489514619489305
35 0.6434202134388588 0.747797259515022 0.06537210335772628 0.18263487158778718
10 0.5715815761059497 0.7542698914418914 0.06535392202418074 0.18107237158778702
9 0.7123834633593169 0.15833019107038782 0.09171697469763487 0.23227315260503384
7 0.8069692573599532 0.15861482734048343 0.09099935936504408 0.23770551530148093
9 0.8981895294398132 0.7429662485567672 0.0661806253580444 0.1850150088913402