20 0.13023784925248374 0.6532934377564411 0.08652615901517464 0.11659193380210837
21 0.20977980003827207 0.6534154545623551 0.09177658519385705 0.11212726828878879
6 0.354347437341825 0.6600859017103362 0.08072992328319835 0.10933784931542796
5 0.4315820254311662 0.6608936680219586 0.0815475605867512 0.11015093281352506
15 0.5527121627347191 0.666609110227024 0.08538103597964533 0.10874760030401127
8 0.6833264619489308 0.6750503044092556 0.07813146215832774 0.10377359882113649
0 0.763722437341825 0.6767666547132668 0.07675089867609249 0.1076161818249421
0 0.846498550038272 0.6793597555115696 0.07418882485477489 0.10283318133065045
1 0.9107065992524838 0.6850951023555396 0.05209550103345748 0.09725434338392898
20 0.2733477245643246 0.31056872136826896 0.08619867328319834 0.10956068380210837
21 0.35065508726077166 0.3129389876798913 0.08225603597964533 0.10862026631162233
15 0.28116884077542836 0.44500738836446335 0.08005783519385705 0.11164976581733085
6 0.5867745237785363 0.32645895410524445 0.07987589867609249 0.10774351581733085
5 0.6640091118678775 0.3272667204168669 0.07987589867609231 0.10774351581733085
8 0.45933022807898133 0.453046675930624 0.07958480024766904 0.10149351581733086
0 0.5398717526860871 0.45788802623463515 0.07604242328319835 0.10914684832684482
0 0.6195228653825342 0.4603537930405491 0.07987589867609231 0.10774351581733085
1 0.6897989780789813 0.4624375578692968 0.05171451137253946 0.1058162598858317