20 0.821875 0.7300893970390271 0.07265625 0.11262859298989589
10 0.7390625 0.7288918793715966 0.06875 0.10550642401194459
0 0.63828125 0.7351438390027425 0.06796875 0.10626949021635426
4 0.55859375 0.7354360861529509 0.07109375 0.10712347539871522
19 0.45625 0.7401619133752775 0.06640625 0.11795187262517359
26 0.38203125 0.7379831239563538 0.0671875 0.10625130642076393
5 0.29375 0.7423816428580553 0.0671875 0.11328255642076393
6 0.209375 0.7427829927818055 0.065625 0.09683993882958326
5 0.13828125 0.7491252181805207 0.059375 0.10763196846486131
7 0.0640625 0.7461651787615972 0.0640625 0.11008482123840277
20 0.6203125 0.5129058163013189 0.09140625 0.15681500408406263
10 0.51171875 0.5154333638883676 0.0890625 0.1466042026972918
0 0.36953125 0.5163990646857982 0.0890625 0.1489479526972918
4 0.25703125 0.5213612812507984 0.09453125 0.14204398926642375
19 0.67578125 0.32958351681440917 0.06171875 0.11159276985163195
26 0.5984375 0.32903996257784673 0.07265625 0.1102848429898959
5 0.51171875 0.3529333638883676 0.09921875 0.1577780920399654
6 0.40703125 0.355369992497465 0.09375 0.15452580547083344
5 0.3015625 0.35626230490215255 0.09765625 0.15930422444878484
7 0.20234375 0.36013414694211787 0.09296875 0.1584138716752431