22 0.1640500890027425 0.6414040702098139 0.06757066612815979 0.0847392386359143
25 0.2218807727983328 0.6416319411509764 0.047149063354618194 0.07969718262956
22 0.16683482256958299 0.38744327313191324 0.05123715131052089 0.08757786647693573
25 0.2253558373872219 0.39159103084255104 0.05572462955902786 0.07906593709378669
0 0.1704163770904859 0.26714440990138844 0.045659298536979254 0.08279490909060953
9 0.22990047986402756 0.2634933043815013 0.048784298536979166 0.08284945616851011
0 0.16385268009277737 0.5155682731319132 0.05207295269729171 0.08993525324641105
0 0.8195565130146869 0.5840680462605312 0.08454126700184048 0.14282447402541773
0 0.8260838424212149 0.33720668303000634 0.07998105357097245 0.1482114034085667
12 0.36399684403673566 0.5800240596565072 0.07827308320625015 0.1419341298696164
12 0.36836226139916645 0.3253092861175568 0.08554072254892375 0.1522131107948928
34 0.45696559403673565 0.5816468352240524 0.08403277393569457 0.1545295872559425
34 0.46432872483003446 0.33245535876300264 0.07511171561506949 0.14031708279171565
2 0.6413951454235065 0.5825213628201924 0.08824749525034736 0.13429890787279355
2 0.7344548144014579 0.5802378883877377 0.08901056145475703 0.1335312946422686
2 0.7363128276035761 0.33251345454036185 0.08052591422829884 0.13806879017804174
2 0.6457241951947567 0.3293690892812421 0.08592192904593769 0.13503924756436803
8 0.9062752630146871 0.585581727672275 0.08594011284152785 0.13582049756436804
8 0.9152372613991664 0.33485502475017576 0.07894523043270851 0.13726026663909155
9 0.22171973147954818 0.5142336440730759 0.05352634992375007 0.08527502678536117