32 0.265625 0.34765625 0.05859375 0.08828125
11 0.3265625 0.35 0.0578125 0.0875
7 0.4140625 0.3484375 0.059375 0.08359375
4 0.4796875 0.34921875 0.0546875 0.0859375
10 0.55625 0.3484375 0.053125 0.0875
21 0.61640625 0.3515625 0.053125 0.08359375
5 0.703125 0.3515625 0.05859375 0.08515625
8 0.76796875 0.3515625 0.04765625 0.084375
2 0.8296875 0.35390625 0.0515625 0.08515625
3 0.88984375 0.3515625 0.05 0.084375
32 0.41328125 0.5109375 0.071875 0.1171875
11 0.49609375 0.5125 0.0734375 0.1203125
7 0.65 0.51171875 0.075 0.12109375
4 0.73828125 0.5109375 0.07421875 0.11953125
10 0.37109375 0.6578125 0.0546875 0.0875
21 0.434375 0.65625 0.05546875 0.08671875
5 0.5078125 0.640625 0.071875 0.11953125
8 0.5921875 0.63984375 0.0640625 0.11953125
2 0.6796875 0.64296875 0.07265625 0.11640625
3 0.76328125 0.6390625 0.06796875 0.1171875