22 0.20492815855069707 0.337289212791357 0.06238399122451135 0.07866320253973794
25 0.25805315855069705 0.3391443786706061 0.04349759890464337 0.07332093811176765
22 0.20933582838416517 0.5692386172378606 0.04763116943775678 0.08126984736759475
25 0.2623699001709198 0.5679687831171097 0.05128736685133202 0.07281250662342202
0 0.21329956584775286 0.6786408990890261 0.04202602711788872 0.07639137440943689
9 0.26734220816762094 0.6852108468194407 0.04517375917119999 0.0772817518140986
0 0.20592602038746413 0.4520511172378606 0.04767663354437941 0.08283234736759475
0 0.8051842228156044 0.4206871107840747 0.07799227084968266 0.13227927586071572
0 0.8133162862225817 0.6465229244864056 0.07344116316955081 0.13680308475372308
12 0.388687044602359 0.4030208841129017 0.07250078879637112 0.13130705290255767
12 0.39387596443582706 0.6349975704105708 0.07980482343610724 0.1409275895630465
34 0.4738205625490476 0.40521335588993335 0.07828778754272996 0.14243552586071573
34 0.48123957211595914 0.6333656377410988 0.07011157468974857 0.12966270734906135
2 0.6418575087089817 0.4134227038905003 0.08088995031656906 0.12457590326537726
2 0.7271274189755383 0.42030267566753193 0.08164846826325771 0.12382193511654283
2 0.7305947144358271 0.6467560482628703 0.0747308785298145 0.12748264845605384
2 0.6478276785424498 0.6454266720393349 0.07935018236988042 0.1253025895630465
8 0.8848489907622931 0.4226886096029484 0.07937291442319179 0.1260838395630465
8 0.8946572144358271 0.6524852370076102 0.0731683785298145 0.12742808475372308
9 0.25911921654739817 0.45625003311710977 0.049125473277822705 0.0789806610699257