20 0.19755998173276015 0.631968878769786 0.07918471387914794 0.10997351045275643
21 0.27871452434643396 0.6312324023767222 0.07111311525911974 0.09467473414439738
21 0.46127010551659176 0.4483120285156722 0.07837619034019774 0.10836550782192056
1 0.3639935052717105 0.6432234391378379 0.07607335064862308 0.11057274992941277
1 0.5581996525944926 0.45707935473932687 0.07359323295387128 0.10262374203690498
8 0.4373628214243347 0.6435944364364148 0.06257391233702041 0.0972992052052021
8 0.6363246525944926 0.4616296178229192 0.05887221387914785 0.10879044205102258
8 0.6709297033258411 0.3426744914722077 0.06878300202859489 0.0953194762518895
7 0.6811810052717104 0.6616975072572233 0.06415004910649565 0.09817146046687383
2 0.7576889581938098 0.6630317650791439 0.0649449358759707 0.09899821309770988
8 0.8303452081938097 0.6672635097468849 0.06195630357072233 0.10662870257436623
28 0.526452594963285 0.6503442363517102 0.06567163879807011 0.09591871572854593
28 0.3490819768647914 0.3254899075678068 0.07437448295387146 0.10266924466774104
2 0.613171344963285 0.6553950283744978 0.061710841720169364 0.09256620257436624
2 0.4443126562479405 0.3263537285297896 0.06508130357072232 0.10681071309770988
7 0.5147206136342666 0.33591771530502285 0.05806369034019774 0.10718243942018653
2 0.5928319768647914 0.33968672838861524 0.06663016680124727 0.1061204683593818
20 0.3761956761334428 0.44803974175455635 0.08008869480442442 0.11705026308359248