20 0.33125 0.19140625 0.10234375 0.18671875
10 0.45625 0.1953125 0.11015625 0.175
4 0.62890625 0.19765625 0.109375 0.178125
1 0.75 0.18984375 0.09296875 0.17109375
1 0.86484375 0.4078125 0.07109375 0.1546875
1 0.56953125 0.4109375 0.05546875 0.16484375
1 0.4796875 0.73671875 0.03515625 0.103125
14 0.3125 0.40703125 0.0875 0.15625
14 0.55390625 0.7359375 0.0671875 0.11171875
22 0.628125 0.73984375 0.071875 0.1078125
23 0.4125 0.4109375 0.08671875 0.14140625
4 0.4015625 0.7359375 0.05859375 0.1078125
10 0.28515625 0.73828125 0.059375 0.10703125
20 0.20234375 0.7328125 0.0625 0.1171875
7 0.7296875 0.73828125 0.0625 0.121875
9 0.81171875 0.74765625 0.06484375 0.10546875
9 0.96171875 0.74609375 0.0734375 0.10703125
6 0.88046875 0.7390625 0.06875 0.1140625
0 0.66640625 0.4078125 0.096875 0.14921875
5 0.7671875 0.40546875 0.09765625 0.14296875