11 0.21328125 0.33125 0.04453125 0.12578125
11 0.26015625 0.33359375 0.040625 0.128125
11 0.11484375 0.7484375 0.03046875 0.09296875
11 0.1546875 0.74765625 0.03203125 0.1046875
4 0.325 0.33359375 0.0375 0.11796875
4 0.3703125 0.33125 0.03828125 0.12265625
4 0.375 0.7421875 0.03359375 0.0984375
4 0.41328125 0.74375 0.03671875 0.103125
4 0.453125 0.74609375 0.02890625 0.09765625
4 0.225 0.746875 0.03671875 0.09921875
4 0.2640625 0.746875 0.03515625 0.096875
4 0.24765625 0.4609375 0.04765625 0.1328125
4 0.2953125 0.465625 0.040625 0.12421875
4 0.33828125 0.4640625 0.0390625 0.12734375
4 0.384375 0.46484375 0.03984375 0.1296875
23 0.2015625 0.4625 0.0421875 0.1234375
23 0.303125 0.74609375 0.03203125 0.10078125
6 0.48984375 0.7390625 0.034375 0.1015625