27 0.21977275893062442 0.6486134831529723 0.0622292026972918 0.09221515547249552
19 0.29088469272621476 0.6441063675945686 0.059940004084062616 0.0944360747398008
3 0.3595983251350342 0.6420658327688595 0.06533601890170146 0.09159767978275504
6 0.4299108251350342 0.6383809107880207 0.058286585106111136 0.09044793758467104
28 0.5173744575438536 0.6353577301007546 0.05681500408406261 0.0942723004295413
25 0.5783665089306245 0.6298203810506943 0.06084854065319441 0.0999457683173656
7 0.6673199061570828 0.6298403132082984 0.0601218420399654 0.1022485747398008
6 0.7377415089306245 0.6214678912274596 0.062247386492882126 0.09299640547249552
3 0.7947363913394438 0.6200415100652237 0.05130988649288213 0.09242319538658705
6 0.8642676413394439 0.6163975316619498 0.056596798536979166 0.08489730042954129
27 0.40091757541937467 0.4424852346233104 0.09709516517822933 0.11511042288534998
19 0.492995972645833 0.44234139247065507 0.0784179003605903 0.11725277702379291
3 0.6219204064414232 0.4348044521724505 0.06947865824437507 0.10195864767057934
6 0.7133266564414231 0.43001405359736006 0.06787979065319441 0.10031426051544959
28 0.3390741516917705 0.3169773015611951 0.05608830547083343 0.0965751068519765
25 0.4063343868741317 0.3103311538906158 0.05107349715020835 0.08226694538658723
7 0.48494969614468725 0.3186958525565633 0.06809799620027804 0.10968926051544958
6 0.5732491299402775 0.31328797829173227 0.07542018692972227 0.12255775271353339
3 0.658369012349097 0.3103876283371608 0.07280367999586819 0.11071617198083886
6 0.7474133285535067 0.306501310494765 0.07291278276940982 0.11540367198083885