11 0.790603201424223 0.7151248860975963 0.047593710017499194 0.13159090521931952
11 0.7421384294239048 0.7099599729857691 0.042933482017817326 0.13366163943430392
11 0.8856396973663166 0.2943867228445948 0.03234997067949941 0.09635135523343692
11 0.8450237880330894 0.29280183604112664 0.03405792134786303 0.10894236049510883
4 0.6765134294239049 0.7061377519955514 0.03968121268299925 0.12254212891096046
4 0.6296657014242231 0.705751344145396 0.04051700668363552 0.12727513154179632
4 0.6200874227004984 0.2851658283603804 0.03554769601368122 0.10278336575678075
4 0.5810158320337256 0.2821094468185842 0.03872724001431749 0.1076528762801244
4 0.5403544693666349 0.2766183100151161 0.030851105346908447 0.10172909997176519
4 0.7731578786998622 0.2893968440042216 0.03790053668045381 0.10370112364928855
4 0.7333141286998621 0.28707620983158944 0.037082924013363085 0.10053062101845249
4 0.7539015380728603 0.5802647677099798 0.050019276018453594 0.1387586631118273
4 0.7054094940722239 0.5727561045981524 0.04366927868395365 0.1298008920651398
4 0.6608964254057694 0.5717249546405048 0.04136189135104473 0.1327893841726322
4 0.6140214254057694 0.5689947967903493 0.042170413351362866 0.13517863680346806
23 0.8007583567393148 0.5814324255601353 0.044441438017181055 0.12906514469597585
23 0.6934794693666348 0.2855368256589573 0.034012468013999354 0.10503611049510883
6 0.5029362853675894 0.28146543373499167 0.036365308680772125 0.10595386838761663