24 0.8810879361791082 0.39034136565956623 0.07563177995603354 0.1099028798696163
13 0.805974306690613 0.36950098578994994 0.07104427390590935 0.12700855925276527
0 0.6815510236113216 0.3321764894433979 0.07254768657189174 0.11687958279171565
24 0.6789356046006273 0.553983305596022 0.09705732806243947 0.16730232264544592
2 0.6158123941228264 0.3114997508074836 0.07482325887879462 0.10520174310014116
10 0.5477254694547914 0.2900008518631438 0.0623459847764936 0.10888980478853849
26 0.4859112706844554 0.27251729707460537 0.0685868944174139 0.10743639894433983
6 0.38649707796424365 0.2371916773512588 0.060788029956033364 0.10964378124958811
1 0.3309737858097659 0.2268484667185217 0.052126102262936236 0.09777502678536125
8 0.2793203822189697 0.21032343993316052 0.050554511903856715 0.09618525324641088
2 0.22766697862817353 0.1937984131477993 0.059947692622015936 0.09947389448011287
13 0.5858532251121321 0.5328292800284767 0.1025533491396784 0.1720852800317722
0 0.44877995110802704 0.46950534537032207 0.09228801483072288 0.1531580020285949
2 0.3626970053627532 0.44300530072805333 0.09386415036934234 0.15552902556754516
10 0.710745182564871 0.7849838896055538 0.08242720150081055 0.20376197402541757
26 0.6112309958947834 0.732470769882207 0.10738629488495217 0.19716710064862325
6 0.5227179417382531 0.6910860649315129 0.08466641237139498 0.18583413433384308
1 0.43107079722264324 0.648084312902918 0.06893687324197924 0.16759264894433984
8 0.34570546896381205 0.6106604050301245 0.08678290339440445 0.14681254464226862
2 0.2642736617822197 0.5779921810047067 0.09162039431921816 0.17267561525911965
10 0.07799981849627384 0.5169341298696163 0.021357370413308895 0.045680692775829534
24 0.07375722521032799 0.4590534460222404 0.021330099336070062 0.04099319277582971
26 0.05295891188041557 0.5094665032464109 0.02684430113146814 0.048901150162155814
13 0.0487117734149299 0.45080456939903507 0.021325554156530258 0.040211942775829713
6 0.025551529366858245 0.4980517163147799 0.019794870413308917 0.045653419236879246
1 0.010653237212380538 0.4884176176947517 0.01587498487468949 0.04324148538950343
0 0.01505439090137258 0.43928068831160266 0.018191463797450635 0.038594895697928774