24 0.1265625 0.371875 0.07421875 0.10703125
13 0.2015625 0.353125 0.06953125 0.12421875
0 0.3234375 0.31796875 0.07109375 0.1140625
24 0.32734375 0.53671875 0.0953125 0.16328125
2 0.3890625 0.2984375 0.0734375 0.10234375
10 0.45625 0.27890625 0.0609375 0.10625
26 0.5171875 0.2625 0.0671875 0.1046875
6 0.61484375 0.2296875 0.059375 0.10703125
1 0.66953125 0.2203125 0.05078125 0.0953125
8 0.72109375 0.2046875 0.04921875 0.09375
2 0.771875 0.1890625 0.059375 0.096875
13 0.41953125 0.51796875 0.1 0.16796875
0 0.5546875 0.45703125 0.090625 0.14921875
2 0.63984375 0.4328125 0.0921875 0.1515625
10 0.29765625 0.7640625 0.08046875 0.19921875
26 0.39609375 0.71328125 0.10546875 0.19296875
6 0.4828125 0.67421875 0.0828125 0.18203125
1 0.57265625 0.63359375 0.0671875 0.16328125
8 0.6578125 0.5984375 0.08515625 0.14375
2 0.73828125 0.5671875 0.08984375 0.16875
10 0.92109375 0.51015625 0.02109375 0.04453125
24 0.92578125 0.45390625 0.02109375 0.03984375
26 0.94609375 0.50390625 0.02578125 0.04765625
13 0.95 0.44609375 0.02109375 0.03984375
6 0.9734375 0.4921875 0.01953125 0.04453125
1 0.98984375 0.4859375 0.01953125 0.04296875
0 0.98359375 0.43515625 0.01796875 0.0375