3 0.7140625 0.58203125 0.01015625 0.0375
0 0.72109375 0.58125 0.0078125 0.03359375
9 0.728125 0.5828125 0.00703125 0.03515625
5 0.73515625 0.58359375 0.009375 0.034375
1 0.66484375 0.73203125 0.0046875 0.015625
1 0.6609375 0.7328125 0.00234375 0.015625
14 0.66953125 0.73203125 0.00546875 0.01484375
0 0.67578125 0.73125 0.0046875 0.02421875
2 0.6828125 0.7296875 0.00625 0.02265625
1 0.68828125 0.728125 0.00546875 0.021875
2 0.69375 0.7296875 0.00625 0.02109375
3 0.7 0.7296875 0.00625 0.02109375
5 0.7078125 0.7296875 0.0046875 0.02265625
10 0.71484375 0.73125 0.0078125 0.0171875