3 0.7214251785885036 0.5884907191508584 0.011410214672181595 0.04081591477265238
0 0.7292467692552763 0.5878458368456101 0.00902101133831792 0.03686875446422686
9 0.7370410879217308 0.5895447045403618 0.008257942671863461 0.038417617694751625
5 0.7440632472549582 0.5904486854656383 0.01137385200509069 0.037690914772652385
1 0.6664093198997774 0.7500634188265469 0.0048784040022271215 0.016488070616851046
1 0.6617036385662318 0.7515440982096958 0.003315904002227299 0.01646079707790058
14 0.6710877292330046 0.7509264894433979 0.005659654002227299 0.016501707386326104
0 0.6773559105665501 0.7494730835991993 0.004987492003499838 0.025863070616851048
2 0.6851865919000956 0.7480469512939509 0.006531810669954297 0.02432784415580134
1 0.6914547732336409 0.7465935454497523 0.006531810669954297 0.02432784415580134
2 0.6976865919000955 0.7482651396055536 0.007303970003181703 0.023560230925276572
3 0.7047178419000956 0.7483878705308302 0.006522720003181703 0.023546594155801338
5 0.7125303419000956 0.7485242382255819 0.005759651336727245 0.025095457386326105
10 0.72032466056655 0.7502231059203336 0.008811926002545434 0.01890000446422686