22 0.32004331330995506 0.2439412504622184 0.10208820007943027 0.2567477566639176
17 0.4169455868489054 0.24268497585161217 0.08710808238467856 0.24850334765100213
1 0.5170683177741819 0.2468065230277606 0.06354785145940198 0.24079013605166183
2 0.609337638391033 0.2488116407370224 0.09560637499835245 0.2432846502374269
27 0.7055950296247351 0.2553905981797275 0.09808649269310407 0.2511653463973609
26 0.3183752678536122 0.5066231068887092 0.09257683238467855 0.24866247202418137
8 0.4136604943146619 0.5022872963847256 0.09502967654047989 0.25498066818411547
4 0.5122207252399384 0.5064543076674968 0.09497512946257913 0.2518556681841154
2 0.601337772317839 0.5069878535900039 0.0989086530015296 0.25353182845067224
4 0.7075332252399384 0.5007712943396616 0.09875864853730257 0.24493807845067223
22 0.19121234455624786 0.7893710738983257 0.07920407913826769 0.1982987591712
17 0.2670345048646734 0.7895098147271257 0.0721455555993173 0.19653167069139793
1 0.3827958725594251 0.7939579708370472 0.05961828206036692 0.19460545783841657
2 0.4547526931762761 0.7965541219324039 0.06290692329406902 0.2040713860516618
27 0.533577122559425 0.7895706845479585 0.061839301135090355 0.18764240399835047
26 0.6080276976405029 0.8006923894833811 0.05965919236879245 0.19694920783841638
8 0.7136328153352547 0.8054360622863502 0.07507964082666482 0.1856850989046432
4 0.7934157727215808 0.8085861428485934 0.06740350852141681 0.19327027837152996
2 0.8716362301079071 0.8117816875174594 0.06643134374876425 0.18231004631821862
4 0.9497612301079069 0.8095084821863253 0.07289953206036728 0.19499190274470948
18 0.0960186213416091 0.8437296164556205 0.012796054788538402 0.06205973079967038
23 0.11326066841950977 0.846354511282771 0.02359718709378673 0.05456547954602868
13 0.13593055518898495 0.8464765317367423 0.022048323863261922 0.055301265439405965
18 0.1813683713449044 0.3597517700582597 0.010602309252765263 0.07058528463973612
23 0.2048058713449044 0.3590698084589195 0.029365946022240408 0.07191210391920828
13 0.23532916842280507 0.3613082583797772 0.028516512174864596 0.06798312186589692