22 0.31875 0.824118427751027 0.0984375 0.25833298871722904
17 0.415625 0.8253747023616331 0.08359375 0.2500885797043132
1 0.51640625 0.8212758872387962 0.059375 0.2431338860516618
2 0.609375 0.8192935015828458 0.0921875 0.24486988229073817
27 0.70703125 0.8127600082467632 0.09453125 0.2527505784506722
26 0.31171875 0.5590700892712249 0.0890625 0.25024770407749275
8 0.4078125 0.5634286318285198 0.09140625 0.2573471502374268
4 0.5078125 0.5593070846523714 0.09140625 0.2542221502374268
2 0.59765625 0.5595775207831755 0.0953125 0.2558983105039836
4 0.7046875 0.5650355620868291 0.0953125 0.2465233105039836
22 0.17890625 0.274736890208297 0.0765625 0.19988399122451134
17 0.25546875 0.2746208814328084 0.06953125 0.1981169027447093
1 0.371875 0.2701954573761981 0.05625 0.19616795783841656
2 0.44375 0.26759930628084144 0.06015625 0.20565661810497318
27 0.5234375 0.27460547571859817 0.05859375 0.18842365399835054
26 0.5984375 0.26350650283648686 0.05703125 0.19853443989172784
8 0.7046875 0.2580043120868292 0.07265625 0.18727033095795473
4 0.7859375 0.2548996956312086 0.06484375 0.19407426042484124
2 0.8640625 0.2524854009623427 0.0640625 0.18389527837152997
4 0.94296875 0.25400008834678806 0.0703125 0.19657713479802066
18 0.08203125 0.21957436559769078 0.0125 0.06286371285298147
23 0.09921875 0.21773072077054026 0.02265625 0.05456547954602886
13 0.12265625 0.21763143236988047 0.02109375 0.05608251543940614
18 0.1765625 0.7066999440483629 0.009375 0.07058528463973594
23 0.2 0.7081631556477032 0.02890625 0.07271608597251955
13 0.23125 0.7059474377801568 0.02734375 0.06798312186589683