22 0.3140625 0.23828125 0.09140625 0.2359375
17 0.40390625 0.23984375 0.07734375 0.22890625
1 0.49765625 0.24609375 0.0546875 0.22265625
2 0.58359375 0.25078125 0.08515625 0.2234375
27 0.6734375 0.259375 0.0875 0.23046875
26 0.3078125 0.48203125 0.08203125 0.228125
8 0.396875 0.48125 0.084375 0.234375
4 0.4890625 0.4875 0.084375 0.23125
2 0.571875 0.48984375 0.08828125 0.2328125
4 0.67109375 0.4875 0.08828125 0.225
22 0.18515625 0.74140625 0.07109375 0.18203125
17 0.25546875 0.74375 0.0640625 0.18046875
1 0.3640625 0.75078125 0.05234375 0.1796875
2 0.43046875 0.7546875 0.05546875 0.18828125
27 0.50390625 0.75078125 0.0546875 0.17265625
26 0.5734375 0.76328125 0.05234375 0.18125
8 0.67109375 0.7703125 0.0671875 0.17109375
4 0.74609375 0.77578125 0.06015625 0.17734375
2 0.81875 0.78046875 0.05859375 0.16796875
4 0.89140625 0.78046875 0.06484375 0.1796875
18 0.09609375 0.7890625 0.0109375 0.0578125
23 0.11171875 0.7921875 0.02109375 0.05
13 0.1328125 0.7921875 0.01953125 0.05078125
18 0.1828125 0.34296875 0.00859375 0.06484375
23 0.2046875 0.3421875 0.0265625 0.06640625
13 0.23359375 0.3453125 0.025 0.0625