0 0.48828125 0.646875 0.0078125 0.01875
7 0.496875 0.6453125 0.0078125 0.0171875
13 0.50390625 0.64453125 0.00625 0.01875
1 0.51015625 0.6390625 0.0046875 0.0265625
7 0.5171875 0.63828125 0.009375 0.02734375
4 0.5265625 0.6359375 0.01015625 0.02734375
2 0.5375 0.634375 0.0109375 0.02578125
8 0.546875 0.63203125 0.009375 0.02578125
9 0.5546875 0.6296875 0.0078125 0.02578125
17 0.56171875 0.63046875 0.00546875 0.01640625
0 0.3765625 0.44921875 0.00390625 0.01484375
7 0.38125 0.44921875 0.00390625 0.0140625
13 0.38515625 0.45078125 0.00390625 0.01484375
1 0.3890625 0.44765625 0.00234375 0.02109375
7 0.3921875 0.4484375 0.00390625 0.02109375
4 0.39765625 0.45078125 0.00546875 0.0203125
2 0.40390625 0.45 0.00625 0.021875
8 0.41015625 0.4515625 0.0046875 0.0203125
9 0.41640625 0.45234375 0.00625 0.02265625
17 0.42265625 0.4578125 0.00625 0.01640625