3 0.5625 0.75703125 0.01015625 0.025
1 0.57265625 0.75703125 0.00859375 0.021875
4 0.58203125 0.7578125 0.009375 0.02421875
31 0.59296875 0.75703125 0.00859375 0.02421875
0 0.39609375 0.76171875 0.0109375 0.015625
6 0.40625 0.76328125 0.009375 0.0171875
11 0.41640625 0.7625 0.00859375 0.01640625
0 0.42734375 0.76015625 0.009375 0.02265625
9 0.4375 0.76015625 0.0078125 0.0203125
6 0.446875 0.759375 0.01015625 0.0203125
5 0.45703125 0.76015625 0.0078125 0.02109375
9 0.46640625 0.759375 0.0078125 0.0203125
0 0.4765625 0.76015625 0.00859375 0.0203125
14 0.48671875 0.76328125 0.01171875 0.01640625