3 0.4347361691653827 0.8186757144848217 0.01157393284565984 0.027407382513557364
1 0.4245799191653826 0.8187348018188392 0.009920513867708359 0.023492042154477845
4 0.4144418529609729 0.8195751391528567 0.011537565254479177 0.025844882513557366
31 0.4019236691653826 0.8188666120254936 0.009975065254479176 0.025835792154477843
0 0.6168947057345147 0.8230854376520462 0.012118793502986235 0.017255677693097125
6 0.6052123233256952 0.8247161153451433 0.010592661094166723 0.01880908733401725
11 0.5942566395301048 0.8239984978587007 0.009793227298576568 0.018023292154477843
0 0.582483338143334 0.8217229255517978 0.010738131458888845 0.025059087334017606
9 0.5715276543477438 0.8210053080653552 0.009102896276527873 0.021924996974937726
6 0.5605901543477437 0.8210689405789126 0.011464830072118026 0.022719882513557367
5 0.5504339043477438 0.8211280279129302 0.009139263867708358 0.023487496974937728
9 0.5394964043477437 0.8211916604264872 0.009102896276527873 0.021924996974937726
0 0.529358338143334 0.8220319977605047 0.009884146276527872 0.021929542154477843
14 0.5177123233256952 0.8252251754536019 0.012900043502986059 0.01726022287263689