3 0.5554621818905504 0.8325580204687675 0.01125567333704538 0.02785317224974122
1 0.5664087725573232 0.8322861927185083 0.009647720003181703 0.02387414764263518
4 0.5765468412237778 0.8343217276646964 0.011237492003499838 0.026290672249741222
31 0.5890559318905505 0.8341226745215433 0.009674992003499838 0.026217897642635178
0 0.37414854722314145 0.8295849160444881 0.011918744668999892 0.01773330955329371
6 0.3858582065563687 0.830911975597782 0.010374426002545345 0.019223034946188024
11 0.3967957065563687 0.831421397847523 0.009584085335772662 0.018405397642634824
0 0.4085508192234596 0.8288422074008169 0.010447151336727068 0.025473034946188022
9 0.4194883192234595 0.829351629650558 0.008848288669636162 0.022275260339082337
6 0.4304349098902323 0.8290798019002988 0.011201129336408933 0.02316567224974122
5 0.4405820692234596 0.8303340868464868 0.008866470003181703 0.023837760339082338
9 0.4515286598902323 0.8300622590962281 0.008848288669636162 0.022275260339082337
0 0.4616758192234595 0.8313165440424161 0.009629538669636162 0.022311647642634824
14 0.47335820655636873 0.83498735359571 0.012699994668999893 0.017769696856846907