1 0.76875 0.6671875 0.003125 0.03125
1 0.77265625 0.665625 0.0046875 0.028125
5 0.778125 0.66640625 0.00703125 0.02734375
5 0.78515625 0.665625 0.0078125 0.028125
1 0.57890625 0.6578125 0.00390625 0.0140625
2 0.58125 0.65859375 0.003125 0.0125
0 0.58515625 0.65859375 0.00390625 0.0140625
1 0.58828125 0.6578125 0.003125 0.01640625
8 0.59140625 0.6578125 0.00390625 0.01875
9 0.5953125 0.6578125 0.0046875 0.015625
2 0.6 0.6578125 0.00546875 0.0171875
0 0.6046875 0.6578125 0.0046875 0.01640625
6 0.609375 0.65859375 0.00546875 0.0171875
14 0.6140625 0.659375 0.00546875 0.0171875