1 0.21913477761834238 0.33157273584795116 0.003311352361132158 0.03210398518236115
1 0.21600068725926275 0.3332079710303123 0.004851126463433086 0.028234102773541637
5 0.21053193725926275 0.33333525759944427 0.007194876463433086 0.028288654160312454
5 0.20350068725926276 0.33349891175975677 0.008761921642972936 0.029106271751493117
1 0.41282569028432486 0.33721940454156213 0.003992608411256348 0.014934668977951393
2 0.4104864854638647 0.336492705928333 0.0032022680521766487 0.01335398518236115
0 0.40580353064340446 0.33582055870187466 0.003988063231716588 0.014153418977951393
1 0.40345069028432484 0.3374376100886455 0.0032249939498758097 0.01726023518236115
8 0.39954444028432484 0.3375285290665969 0.004015334308955509 0.01884091897795139
9 0.39563819028432484 0.33761944804454824 0.00477840359079611 0.015734102773541637
2 0.3917364854638647 0.33692911702249967 0.005573289129415571 0.018096036569131967
0 0.3862677354638647 0.3370564035916316 0.004782948770336049 0.016515352773541637
6 0.38158478064340445 0.3363842563651733 0.005573289129415571 0.018096036569131967
14 0.37689728064340444 0.336493359138715 0.005573289129415571 0.018096036569131967