1 0.3835230136488511 0.2554248608471433 0.0054516333746114755 0.016433521077238923
5 0.3898094009524041 0.25467997228346173 0.006160108767505612 0.014875566256778683
11 0.39605940095240405 0.25471633371978025 0.006123721463952769 0.014094316256778682
1 0.4070332882559569 0.25399871623333753 0.006232883374611475 0.016438066256778683
5 0.4117207882559569 0.2540259873105764 0.006050946856846906 0.012531816256778683
5 0.4187884255595099 0.2532856439264347 0.006014559553294063 0.011750566256778682
6 0.42585606286306277 0.25254530054229296 0.006868584160399749 0.013317611436318443
6 0.4344498128630628 0.25259529751723087 0.007868157981717517 0.018009656615858204
1 0.8103616495046619 0.20164289333725946 0.006232883374611475 0.016438066256778683
0 0.8174292868082148 0.20090254995311776 0.005233309553293708 0.011746021077238922
11 0.8237156741117678 0.20015766138943625 0.006795809553294063 0.011755111436318444
1 0.8322002622011091 0.20255140836437416 0.005669957195929243 0.021121021077238834
4 0.8392315122011091 0.2025923149802324 0.00864940798171716 0.018014201795398144
9 0.850986649504662 0.20187924267332957 0.008685795285270359 0.018795451795398054
3 0.8596531741117678 0.20036673964826743 0.007977319892376045 0.020353406615858292
0 0.8705542868082148 0.2012116221618248 0.010321069892376045 0.020367042154477665