1 0.567690085055334 0.8046646067393148 0.005356003460041059 0.01646079400063627
5 0.5614719185534313 0.805373131405133 0.00607358646384668 0.014907384667409217
11 0.5544406685534312 0.8052913154041785 0.00604175296574958 0.014126134667408863
1 0.5435350020515284 0.8059452960693605 0.006137253460041059 0.01646988466740922
5 0.5388475020515285 0.8058907520687242 0.005978085969555025 0.012563634667409219
5 0.5326611690477228 0.8073805267345424 0.005946252471457925 0.011782384667409218
6 0.5248486690477228 0.807289620066815 0.006791169467652303 0.013353975334181811
6 0.5170361690477229 0.8071987133990879 0.007763420456235437 0.018050566000954404
1 0.14032643041642934 0.8566959900143175 0.006137253460041103 0.01646988466740922
0 0.13332701391452653 0.8573954240133631 0.005165002471457925 0.011773294000636269
11 0.1271088474126237 0.8581039486791813 0.006759335969555113 0.01257272533418181
1 0.11841959691833215 0.8556602013446813 0.005547004448624282 0.02114829400063627
4 0.11060709691833215 0.855569294676954 0.008544670456235526 0.018059656667727353
9 0.09970143041642934 0.8562232753421359 0.008576503954332714 0.018840906667727354
3 0.09039009741262374 0.8576766873408633 0.007858920950527093 0.020394316000954406
0 0.07942076391452654 0.8567681680060453 0.010202670950527093 0.02042158800127254