22 0.36875 0.1640625 0.08984375 0.20390625
25 0.459375 0.16796875 0.08203125 0.19765625
25 0.2234375 0.81875 0.07734375 0.20703125
22 0.13515625 0.81640625 0.08515625 0.20859375
0 0.57890625 0.1703125 0.07890625 0.1875
9 0.665625 0.17265625 0.0796875 0.1921875
9 0.75078125 0.3953125 0.084375 0.1859375
9 0.940625 0.81953125 0.07734375 0.19453125
3 0.85234375 0.82109375 0.084375 0.2078125
3 0.66484375 0.4015625 0.07578125 0.1953125
6 0.48984375 0.39453125 0.08203125 0.19765625
6 0.6796875 0.825 0.08125 0.21328125
9 0.39921875 0.82578125 0.07578125 0.2015625
0 0.31171875 0.825 0.0859375 0.20703125
17 0.4859375 0.81875 0.07578125 0.209375
17 0.57421875 0.82109375 0.07734375 0.2078125
4 0.57890625 0.39765625 0.0875 0.19375
17 0.3890625 0.39140625 0.08125 0.2
17 0.3015625 0.39453125 0.08125 0.2
4 0.7671875 0.81640625 0.075 0.2078125