22 0.6329611896714121 0.8674354265093862 0.10683038647515453 0.22143354509800944
25 0.5322617852249085 0.8686110353097265 0.09826391832631991 0.22191469473518985
25 0.8175173382971022 0.14077617887163896 0.09393108239147026 0.23190725362819706
22 0.915872992743606 0.13968241562479505 0.10257939609380103 0.23376985399101677
0 0.3987225989272393 0.8717137318590147 0.09397572241000382 0.21084078547936258
9 0.30351922633190104 0.8719171177011968 0.09570191351699639 0.21558284918169335
9 0.21758175944901081 0.6291244716922136 0.10014387685650758 0.20871529028868602
9 0.03546626576733967 0.1666865029952249 0.07093253153467934 0.21738096215838482
3 0.12234124755292927 0.16115077640886982 0.10177086424263582 0.23296132213985135
3 0.3131397961094997 0.6187648358500314 0.09193207277282359 0.21935268992586626
6 0.5066169775978453 0.6198114367610053 0.0990451683263199 0.22194197658635506
6 0.31385662495759103 0.15134172287333997 0.09808286905195925 0.23907491288402422
9 0.6240674386599219 0.13894832796066509 0.09215032758214683 0.22560268992586624
0 0.720106624957591 0.13715516026731747 0.10333336424263581 0.23301588584218225
17 0.5277008701482676 0.15011649565401272 0.09247770979613215 0.23497768992586626
17 0.4293452157017638 0.15121025890085665 0.09395836424263582 0.23268850362819707
4 0.4075346368536725 0.6193699818590146 0.10435022721932725 0.21744544954451311
17 0.6174453501931836 0.6190624138955145 0.09756451387981606 0.22423116288402412
17 0.7144294775978454 0.6125544643510015 0.09756451387981606 0.22423116288402412
4 0.2166815245947713 0.16331842241785305 0.09083336424263581 0.2325793762235354