22 0.31026039631584224 0.8472330746380298 0.10579073383034085 0.21869560326976084
25 0.40577761420366665 0.8472105114058875 0.0976916287873868 0.2129085182887888
25 0.19332951888319258 0.15036870901097932 0.09349545171816524 0.22209251730020557
22 0.09945668815049795 0.1488924392393158 0.101389838873295 0.22397335228117748
0 0.5332441949363613 0.8500556215957304 0.0932121687014785 0.20181185079830258
9 0.6239920256690559 0.8514045573750051 0.09502033016686777 0.20656301779449712
9 0.7261597925160835 0.6199091596561827 0.09933933796878378 0.19972276878308026
9 0.9504426560383223 0.17965286866716199 0.09201816089956232 0.20877943380210837
3 0.856774543193452 0.17427034889549847 0.10052670171816516 0.2223790187830803
3 0.6359032847141675 0.609185223876908 0.09127785447712729 0.20952885030401128
6 0.4503375989385187 0.6094531848278726 0.09765068520982183 0.21212726828878878
6 0.6749480110812766 0.1629468938388519 0.09694800033868418 0.22846985129259437
9 0.3789361482364062 0.1493194980600147 0.09160540309764631 0.21577885030401114
0 0.28744801108127643 0.1471574787826428 0.10208920171816534 0.22244268577927473
17 0.46993296246075744 0.1608565173373866 0.09205578245085988 0.22437260030401118
17 0.563805793193452 0.16233278710905008 0.09353639529573013 0.22287376730020556
4 0.5458548168263431 0.6094306215957305 0.10291471732199753 0.2084438527754692
17 0.34470507462825917 0.6082806625847511 0.09699226594251646 0.21443918479069152
17 0.2526813489385186 0.601399309809282 0.09621101594251655 0.21440735129259422
4 0.7666851317280629 0.175296996614321 0.09037045171816534 0.22196518330781675