20 0.14782213908766978 0.7362196791086044 0.10460389812585583 0.27126732622365457
21 0.24173126346084914 0.7252906134082935 0.09833116607254447 0.2701220551769673
0 0.33391876346084914 0.7199213029696544 0.09957541732618572 0.25927556043863903
7 0.42226820962078315 0.7124357556851949 0.09020041732618563 0.2587295288686079
10 0.5168903878340285 0.703804937354048 0.08953282759274242 0.2625902762377722
17 0.6059528878340286 0.6986176374387526 0.09534255839241243 0.27462754465362343
9 0.7002568173009152 0.7009243191076058 0.08988216857982696 0.24779202886860788
9 0.7918221916740945 0.6901317612998026 0.08732546991261039 0.2671412683452642
8 0.885276674981047 0.6948276955994916 0.0861350429530063 0.25303326571442836
20 0.16634275085792982 0.15331617384693252 0.10460389812585583 0.2712673262236546
21 0.26386260853806176 0.15231584499244197 0.09833116607254447 0.27012205517696725
0 0.3544421444314391 0.1486000398154747 0.09957541732618562 0.2592755604386391
7 0.4398257149645525 0.13582775305435896 0.09020041732618563 0.258729528868608
10 0.5346153777383916 0.14824518209237617 0.08953282759274242 0.2625902762377721
17 0.6255131623781278 0.13545282462111036 0.09534255839241261 0.2709056492422207
9 0.7218342329112412 0.12203928387844709 0.08988216857982696 0.24407856775689418
9 0.812050055951637 0.13126869115912754 0.08732546991261039 0.2625373823182551
8 0.9044194123781277 0.12193203528209902 0.0861350429530063 0.24386407056419804
1 0.9600493544479336 0.6982719430392429 0.042862416072544464 0.2668913683876166
1 0.9785699662181937 0.12534949651256272 0.04063232633910126 0.25069899302512544