20 0.34921875 0.36875 0.13046875 0.3015625
18 0.103125 0.53828125 0.0203125 0.0890625
23 0.13359375 0.53203125 0.040625 0.08515625
13 0.1796875 0.53203125 0.04296875 0.084375
10 0.48359375 0.37265625 0.12109375 0.32734375
9 0.61171875 0.37421875 0.109375 0.30859375
9 0.74609375 0.36796875 0.109375 0.3078125
14 0.19765625 0.728125 0.08828125 0.24296875
26 0.29453125 0.7421875 0.08359375 0.2359375
1 0.3734375 0.69296875 0.06171875 0.2890625
1 0.4546875 0.6921875 0.06640625 0.29765625
1 0.70703125 0.6953125 0.06796875 0.29765625
3 0.5828125 0.70078125 0.12109375 0.296875
6 0.83046875 0.69140625 0.11171875 0.31015625