2 0.78984375 0.82109375 0.0125 0.05859375
6 0.8 0.8234375 0.009375 0.0609375
0 0.81015625 0.825 0.01015625 0.05859375
1 0.62265625 0.88203125 0.00390625 0.0234375
7 0.62734375 0.88203125 0.0046875 0.021875
11 0.634375 0.88359375 0.00703125 0.0234375
1 0.64296875 0.878125 0.0046875 0.03125
2 0.64921875 0.88046875 0.00859375 0.0328125
4 0.65859375 0.8796875 0.01015625 0.0328125
0 0.66796875 0.8796875 0.00625 0.03046875
0 0.6765625 0.88203125 0.00859375 0.03046875
6 0.6859375 0.88203125 0.00859375 0.0328125
21 0.69609375 0.88515625 0.00859375 0.0265625
0 0.36640625 0.5609375 0.00546875 0.0171875
8 0.3703125 0.56015625 0.0046875 0.01640625
11 0.37578125 0.5609375 0.0046875 0.015625
0 0.3828125 0.56171875 0.00390625 0.015625
9 0.38671875 0.5609375 0.0046875 0.015625
7 0.390625 0.56171875 0.00390625 0.015625
8 0.3953125 0.56171875 0.0046875 0.015625
4 0.4 0.56171875 0.0046875 0.01328125