2 0.8812260030401117 0.8392586789335545 0.015955263840164234 0.06616616946765248
6 0.8930720870325004 0.8428611814050125 0.013738847832553348 0.06919566897336082
0 0.9040414205305976 0.8440881003783733 0.013643347338261691 0.06685191897336082
1 0.6973086008726648 0.9004004728883249 0.004988588935304605 0.026721667490485858
7 0.7019642673745676 0.899810223876908 0.006487421939110227 0.02522283448668041
11 0.7098722678688592 0.9024723088578799 0.008863005437207505 0.02609958498097207
1 0.7189925998840817 0.8966043108350462 0.006901257414373774 0.035379084486680056
2 0.7269006003783732 0.8992663958160183 0.010871174410568151 0.037100751977166266
4 0.7378062668802761 0.8989308147893789 0.013214924410568152 0.03719625247145793
0 0.747962516880276 0.8993446502646425 0.008431923916276673 0.034661501482874967
0 0.7574330173745676 0.9020704022418089 0.010743840418179395 0.03397575197716627
6 0.7676211008726648 0.9032654877170725 0.01087117441056833 0.037100751977166266
21 0.7794671848650536 0.9068679901885304 0.010584672927693361 0.03006950197716627
0 0.3959146082498576 0.528561329086654 0.0070458374524299035 0.019785917984777513
8 0.4005702747517604 0.5279710800752371 0.005451503954332715 0.018941000988583312
11 0.40607085824985756 0.5289751645619175 0.006169086958138337 0.01741033448668041
0 0.4139151917479548 0.5300747495428895 0.005387836958138337 0.017378500988583134
9 0.41857085824985757 0.5294845005314727 0.006200920456235437 0.01819158448668041
7 0.42329019174795485 0.5304567515200558 0.005419670456235437 0.018159750988583134
8 0.42797769174795486 0.5306477525086389 0.005387836958138337 0.01737850098858331
4 0.4334464417479548 0.5308705869953194 0.005292336463846681 0.015034750988583135