2 0.790625 0.6671875 0.0296875 0.0421875
7 0.8171875 0.66640625 0.025 0.0375
2 0.84453125 0.66796875 0.028125 0.03671875
0 0.40078125 0.73515625 0.025 0.02890625
8 0.4234375 0.7359375 0.01875 0.0296875
11 0.4453125 0.7359375 0.021875 0.03125
1 0.4671875 0.73671875 0.01640625 0.0296875
0 0.4875 0.7359375 0.02265625 0.03125
1 0.5078125 0.7375 0.01484375 0.03125
1 0.5234375 0.7359375 0.01640625 0.03046875
6 0.53984375 0.73671875 0.0203125 0.0296875
6 0.56015625 0.73828125 0.01796875 0.03203125
32 0.58515625 0.73671875 0.0265625 0.03203125
12 0.63125 0.73515625 0.01484375 0.01875
12 0.64609375 0.73515625 0.0125 0.01640625