2 0.18908721589941 0.3441041215585494 0.032268292553055564 0.04502333992388783
7 0.16096221589941 0.34295811562705036 0.02669043977951393 0.040113005437207506
2 0.13280084830822944 0.3402496096955513 0.030578505983923643 0.03949092292769345
0 0.5944637405006947 0.2895956240671884 0.026490418028020813 0.0315192554372075
8 0.5710080567051043 0.2878593691242725 0.02024041802802081 0.0312645874524299
11 0.5483518067051044 0.28693619767945383 0.02341996941479163 0.033735671444818746
1 0.524896122909514 0.285199942736538 0.017896668028020812 0.031169086958138338
0 0.5038205567051044 0.2851216882879137 0.024183035619201477 0.03298625494291585
1 0.48269043911392384 0.2826996838392894 0.01638871941479163 0.033449169961943956
1 0.46710180670510437 0.28362551387734547 0.017933035619201475 0.03273158695813834
6 0.4491148729095141 0.28211209342111 0.021821101823611144 0.03210950444862428
6 0.4279847553183336 0.2796900889724857 0.01953190321038196 0.034357753954332715
32 0.4022398729095141 0.2802020835352782 0.028107469414791808 0.03392667243340188
12 0.3538387405006947 0.2797909066532521 0.016079594889756965 0.020167919961943958
12 0.33899499050069465 0.2791860701894054 0.012900043502986059 0.017696835969555114