3 0.61875 0.7578125 0.0109375 0.02421875
4 0.628125 0.759375 0.00703125 0.02109375
1 0.6375 0.75859375 0.0078125 0.02265625
31 0.646875 0.76015625 0.01015625 0.0234375
0 0.71796875 0.7640625 0.0078125 0.021875
6 0.72734375 0.7625 0.0078125 0.0203125
11 0.7359375 0.7640625 0.00859375 0.0203125
0 0.74609375 0.7640625 0.00703125 0.02109375
9 0.75390625 0.76484375 0.00859375 0.02109375
5 0.76328125 0.76484375 0.00703125 0.0203125
4 0.771875 0.7640625 0.00859375 0.021875
7 0.7796875 0.76640625 0.0078125 0.02109375
1 0.7890625 0.7671875 0.00546875 0.0234375
20 0.7984375 0.76640625 0.01015625 0.02578125