3 0.39151637607064965 0.27842628600045105 0.011164758976990452 0.039317073138263936
4 0.40245387607064964 0.27817171286218717 0.009597713797450603 0.03849945554708327
8 0.41027092125018944 0.2787711249062844 0.008026123438370902 0.036900587955902786
1 0.14075330678880887 0.2873882843849304 0.0031977228726369766 0.01257273518236115
13 0.15090955678880888 0.2871518950422568 0.004769313231716588 0.014171602773541635
1 0.15482489714788852 0.28862347606430544 0.003238629488495226 0.01960398518236115
8 0.1602891019683487 0.28771493949517346 0.00713124394987581 0.017351154160312455
7 0.1665436471478885 0.28835071913045124 0.005564198770335959 0.01653353656913197
6 0.1727891019683487 0.28742399876572905 0.006368174668035032 0.0204579703647223
4 0.17981580678880887 0.2864790946054165 0.005573289129415571 0.018096036569131967
5 0.1852845567888089 0.28635180803628457 0.0063545391294155705 0.01811422036472221
25 0.19230217125018947 0.2838444038759721 0.004769313231716543 0.014171602773541635
2 0.1454362616092691 0.2864979316113888 0.004755677693097126 0.011827852773541637