16 0.4211008292190967 0.585481209247978 0.12246210714194472 0.2977877139724834
19 0.5288756552071522 0.6580506684111379 0.09935060904180588 0.2438988221398514
0 0.6059096274717355 0.7076538535276806 0.09682502108590292 0.23600447658635507
5 0.6838332992994784 0.7862178523465543 0.11526654977125013 0.2569444591631598
20 0.4138228446054165 0.19272079037350393 0.14277460714194473 0.29849704210278444
25 0.5062447743169443 0.28664689436452073 0.10176774743454882 0.28067213584218226
2 0.6053349313270483 0.362822503164861 0.12963817429628488 0.27071678248413755
6 0.6893631327900691 0.447854756793058 0.11344947663298618 0.245952395460829
0 0.7652339953472566 0.5138369100584353 0.10563697663298637 0.2456795769491748
3 0.8346184685617704 0.5897570585144892 0.10520056553881965 0.22692957694917482
18 0.213004573803854 0.2208928864751544 0.03321384992375007 0.08546627404661714
23 0.2406386113229165 0.24296878311710976 0.05561617999586819 0.10888641587924912
13 0.281299325703715 0.2764459712288775 0.04920252583555555 0.1016369110699257