10 0.42265625 0.70859375 0.0125 0.02890625
27 0.4375 0.70703125 0.01171875 0.0296875
22 0.453125 0.7078125 0.01484375 0.0296875
34 0.46953125 0.70703125 0.01328125 0.03203125
1 0.4921875 0.7078125 0.0078125 0.03046875
1 0.415625 0.74921875 0.00546875 0.02265625
11 0.4328125 0.7484375 0.00859375 0.02109375
1 0.44296875 0.7484375 0.00625 0.02265625
2 0.4515625 0.74921875 0.009375 0.0234375
1 0.46015625 0.74921875 0.00625 0.0234375
6 0.4234375 0.7484375 0.01015625 0.021875
7 0.478125 0.74921875 0.00703125 0.02578125
6 0.4875 0.75 0.009375 0.0234375
32 0.5 0.74921875 0.01328125 0.0234375
3 0.46875 0.75 0.00859375 0.0234375