10 0.393952993006878 0.7131416059436845 0.014145068025830909 0.029842041335136217
27 0.40884220711350067 0.7114063832750027 0.01336381802583091 0.029832950668363622
22 0.4252257250601893 0.7119967292727755 0.01573030007914227 0.03064147266868176
34 0.4416547071135007 0.7110245752705483 0.014235996239076343 0.03296704133513621
1 0.4650922071135007 0.7107518552673666 0.008721782132453625 0.031340906667727174
1 0.38493569418137696 0.7546387626114116 0.0061507115993402195 0.02350113466740904
11 0.4029271762346883 0.7536484272756391 0.009230247492717503 0.021974997334499945
1 0.4130834262346883 0.7535302486075937 0.006931961599340219 0.02351022533418181
2 0.42243569418137694 0.754202410606321 0.01005696159934022 0.02354658800127272
1 0.43102944418137695 0.754102413271821 0.006931961599340219 0.02351022533418181
6 0.3935521762346883 0.7537575152769117 0.01081547954602886 0.022774428668045486
7 0.44899819418137704 0.7538933279360484 0.007781407759274117 0.025863066000954404
6 0.4583504621280657 0.7545654899347758 0.0100796936526514 0.02432783800127254
32 0.4708959262346883 0.7528575392664122 0.014767193652651578 0.024382382001908988
3 0.43962319418137696 0.7540024159373211 0.009298443652651579 0.024318747334499947