20 0.08671875 0.32578125 0.0390625 0.07890625
11 0.13046875 0.328125 0.0375 0.071875
1 0.1828125 0.32734375 0.02109375 0.06953125
2 0.22421875 0.32890625 0.03671875 0.0703125
26 0.27421875 0.33046875 0.03828125 0.071875
5 0.32421875 0.32734375 0.034375 0.0703125
6 0.3671875 0.3296875 0.03359375 0.06796875
4 0.40859375 0.32890625 0.03359375 0.0703125
3 0.446875 0.3296875 0.0359375 0.0671875
20 0.08515625 0.48203125 0.0390625 0.07890625
20 0.08515625 0.63828125 0.0390625 0.07890625
20 0.0859375 0.7953125 0.0390625 0.07890625
11 0.6234375 0.33046875 0.0375 0.071875
20 0.58203125 0.328125 0.0390625 0.07890625
11 0.128125 0.484375 0.0375 0.071875
11 0.12890625 0.640625 0.0375 0.071875
11 0.128125 0.79375 0.0375 0.071875
1 0.18203125 0.484375 0.02109375 0.06953125
1 0.18125 0.63984375 0.02109375 0.06953125
1 0.18125 0.796875 0.02109375 0.06953125
1 0.678125 0.32578125 0.02109375 0.06953125
2 0.71796875 0.33046875 0.03671875 0.0703125
2 0.22265625 0.48359375 0.03671875 0.0703125
2 0.21953125 0.63984375 0.03671875 0.0703125
2 0.22109375 0.7953125 0.03671875 0.0703125
26 0.275 0.48125 0.03828125 0.071875
26 0.275 0.63984375 0.03828125 0.071875
26 0.76953125 0.32578125 0.03828125 0.071875
26 0.27265625 0.79765625 0.03828125 0.071875
5 0.32578125 0.48359375 0.034375 0.0703125
5 0.325 0.6375 0.034375 0.0703125
5 0.82109375 0.32734375 0.034375 0.0703125
5 0.3234375 0.79375 0.034375 0.0703125
5 0.81953125 0.48203125 0.034375 0.0703125
4 0.90390625 0.32890625 0.03359375 0.0703125
4 0.90390625 0.484375 0.03359375 0.0703125
3 0.9453125 0.3265625 0.0359375 0.0671875
3 0.9453125 0.484375 0.0359375 0.0671875
2 0.71953125 0.48359375 0.03671875 0.0703125
1 0.678125 0.48125 0.02109375 0.06953125
11 0.62578125 0.484375 0.0375 0.071875
20 0.58046875 0.4875 0.0390625 0.07890625
26 0.76875 0.48125 0.03828125 0.071875
6 0.86328125 0.32734375 0.03359375 0.06796875
6 0.8609375 0.4828125 0.03359375 0.06796875
6 0.3671875 0.484375 0.03359375 0.06796875
6 0.36484375 0.63984375 0.03359375 0.06796875
6 0.36484375 0.79375 0.03359375 0.06796875
4 0.40546875 0.48359375 0.03359375 0.0703125
4 0.40625 0.6390625 0.03359375 0.0703125
4 0.40703125 0.79375 0.03359375 0.0703125
3 0.4453125 0.48203125 0.0359375 0.0671875
3 0.4453125 0.63828125 0.0359375 0.0671875
3 0.44609375 0.79453125 0.0359375 0.0671875
7 0.609375 0.6390625 0.03671875 0.0765625
7 0.64921875 0.6390625 0.03359375 0.078125
12 0.7328125 0.6359375 0.040625 0.071875
13 0.771875 0.63828125 0.0375 0.0703125
9 0.8703125 0.63984375 0.040625 0.071875