20 0.0333025357747576 0.2905880438314898 0.046153716087269224 0.08589263555165916
11 0.08003198656054589 0.2928948376629796 0.043482480355292855 0.07882047524323373
1 0.13709962386409882 0.2911181034912922 0.02614943114108117 0.07539546631477992
2 0.18233934925699297 0.29188967086173234 0.042592068444634104 0.07646308847375849
26 0.23539157464988708 0.29252487053742077 0.045008593051739966 0.07806649878218401
5 0.2894433738640988 0.28845893344363405 0.0402483184446341 0.07642217816533296
6 0.3353915746498871 0.29077936404459903 0.040139156533975304 0.07407842816533297
4 0.3807768492569929 0.28842593141503914 0.0402483184446341 0.07642217816533296
3 0.42214671195344006 0.28848443263285517 0.0424465192304222 0.07333808847375849
20 0.023843990903772067 0.4601465673704402 0.046153716087269224 0.08589263555165907
20 0.01953059568998704 0.6288965673704402 0.03906119137997408 0.08589263555165907
20 0.01599139190627074 0.797632930600965 0.03198278381254148 0.08589263555165907
11 0.612735324649887 0.2859383108809137 0.043482480355292806 0.07882047524323373
20 0.5683132365605459 0.2843718567409984 0.046153716087269106 0.08589263555165924
11 0.07060982899311327 0.46167211120192986 0.043482480355292875 0.07882047524323355
11 0.06353142142568068 0.6304084744324548 0.043482480355292875 0.07882047524323355
11 0.0550360630724598 0.79604711120193 0.043482480355292875 0.07882047524323373
1 0.1284223289931133 0.4606629902607674 0.02614943114108117 0.07539546631477982
1 0.12063544603278653 0.6278504902607673 0.02614943114108117 0.07539546631477982
1 0.11195815116180101 0.7973953770302425 0.02614943114108117 0.07539546631478
1 0.6715473984712046 0.28022805317027594 0.02614943114108108 0.07539546631477992
2 0.714297824649887 0.2841655308491416 0.042592068444633924 0.07646308847375849
2 0.17224510360021913 0.45833683117015783 0.042592068444634104 0.07646308847375849
2 0.16126044603278653 0.6271413782480585 0.042592068444634104 0.07646308847375849
2 0.15578092576890684 0.795069217939633 0.042592068444634104 0.07646308847375849
26 0.2286042655108779 0.4550112337679456 0.045008593051739966 0.07806649878218401
26 0.2205990587292336 0.6268862337679456 0.045008593051739966 0.07806649878218401
26 0.7708025357747575 0.2777149334469293 0.045008593051739966 0.07806649878218401
26 0.2111405138582481 0.7964447573068959 0.045008593051739966 0.07806649878218401
5 0.28396385360021914 0.4563867731352085 0.0402483184446341 0.07642217816533296
5 0.2754321079434453 0.6228066599046838 0.0402483184446341 0.07642217816533296
5 0.8269433738640988 0.27907683604471706 0.040248318444633925 0.07642217816533296
5 0.2652287003760127 0.7915975702131093 0.0402483184446341 0.07642217816533296
5 0.8168491282073251 0.4455239963531426 0.040248318444633925 0.07642217816533296
4 0.9159330992569931 0.2790847443245477 0.040248318444633925 0.07642217816533296
4 0.9073285789931134 0.44706713109402296 0.040248318444633925 0.07642217816533296
3 0.9605735111676517 0.275963698464463 0.04244651923042255 0.07333808847375849
3 0.9526410789931135 0.44627619846446304 0.04244651923042255 0.07333808847375849
2 0.7089274662966663 0.44974962054071604 0.042592068444633924 0.07646308847375849
1 0.664541765510878 0.44740191640080074 0.02614943114108108 0.07539546631477982
11 0.6081462162966662 0.45150876380301297 0.043482480355292806 0.07882047524323355
20 0.5587455297789015 0.4562741302799488 0.046153716087269106 0.08589263555165907
26 0.762198015510878 0.4456973202164045 0.045008593051739966 0.07806649878218401
6 0.8714746238640988 0.2782995401846324 0.040139156533975394 0.07407842816533297
6 0.8613076036002191 0.4463092004930579 0.04013915653397504 0.07407842816533297
6 0.32845871629666623 0.45639072727512386 0.040139156533975304 0.07407842816533297
6 0.3182916960327865 0.6244003875835494 0.040139156533975304 0.07407842816533297
6 0.3097599503760127 0.7908202743530245 0.040139156533975304 0.07407842816533297
4 0.36990135360021914 0.4548867284929399 0.0402483184446341 0.07642217816533296
4 0.36282294603278653 0.6236230917234646 0.0402483184446341 0.07642217816533296
4 0.3558537003760127 0.7900157049539895 0.0402483184446341 0.07642217816533296
3 0.412906490903772 0.4533554561718055 0.04244651923042238 0.07333808847375849
3 0.4050832206398923 0.6213242061718055 0.04244651923042238 0.07333808847375849
3 0.39800481307245983 0.7900605694023304 0.04244651923042238 0.07333808847375849
7 0.5823905833363394 0.6190099095009419 0.043700804176610576 0.08350797524323372
7 0.6253229460327866 0.6190411371798076 0.03983094148016342 0.08422104139585791
12 0.7153486325505511 0.613566658690163 0.047388730355292806 0.07888865909060953
13 0.7574269706398924 0.6151740231385038 0.04419095574818712 0.07727161201270896
9 0.8635678087292336 0.6156631724898807 0.047388730355292806 0.07888865909060953