22 0.10484151522350638 0.10965346387914796 0.11195107503737738 0.17615517126547417
17 0.20795742486442675 0.11301601744987037 0.08766414734428025 0.16401368141174388
0 0.3282335634281083 0.12136607994904658 0.0696908521647405 0.16291878571381496
4 0.4064040152235064 0.11491725689656355 0.07523232503737738 0.17551424310014116
10 0.523555153787188 0.12321277231783907 0.09310108108750156 0.15864038879807002
17 0.6118636748644268 0.12006622726853326 0.08224539431921815 0.17251197402541768
1 0.7344971989667277 0.12611345007613498 0.06342721662612102 0.16046594155801358
0 0.8103239007621259 0.11962371671522645 0.07597266842151881 0.1684966298696163
5 0.8821807200439664 0.12400329950694208 0.07366073467829751 0.1739244695611908
3 0.9602966296848869 0.12692947645445907 0.0783073280624393 0.16697504017804182
22 0.11679505191703507 0.472398925729701 0.12218004791001431 0.18883244926865145
17 0.23713027781473411 0.4705927382288772 0.10495618647369583 0.18228244034019755
0 0.3535274374556545 0.47418711688067744 0.06281868344863373 0.1901398047885383
2 0.4222592567374953 0.47851215259449253 0.060434026832775344 0.18306764448011278
16 0.5472910729942739 0.4752252857105197 0.10347095452587247 0.19553641680124728
10 0.6449155067374953 0.48239863189491594 0.08938572862817366 0.19138470495069412
8 0.7620984615579555 0.4852253973161914 0.07062209308955421 0.18871367248329013
7 0.8269649374556545 0.48245099918263057 0.05896243042357163 0.1986653709411625
5 0.8972592567374953 0.4868033084353958 0.07137152683277534 0.18325855925276535
5 0.9644422115579555 0.4887573206102604 0.06667948165323594 0.18239548863591432