22 0.06413955275789282 0.13406708279171564 0.11764106826055971 0.17063187418757347
17 0.163267297496221 0.13736145251506224 0.09278528142885674 0.15927163433384317
0 0.2800907764495336 0.1456569679363377 0.07555227879802082 0.15819037540538944
4 0.35632705275789284 0.1391672345754292 0.08248481826055967 0.1700182195611908
10 0.4700255317112054 0.14740820291880402 0.09871676301300525 0.15391197848964455
17 0.556236047496221 0.14422074756107273 0.0885528077372161 0.16700231371699217
1 0.6747585343420414 0.15019978652129856 0.06994702090551304 0.15575116801906325
0 0.7493868080195647 0.14446402962143973 0.08207529458303639 0.1629869695611908
5 0.8187815501270569 0.14802145210472986 0.08005006299888784 0.1684148092527653
3 0.8952075422345491 0.1517016055132965 0.08598154458303639 0.16305515340856663
22 0.06038558571392906 0.48664265787279354 0.12077117142785812 0.18329551542127548
17 0.17357838203590642 0.48398703652459385 0.11097383930724707 0.17675914326229697
0 0.28676862677423454 0.48752686809849355 0.07084936824644225 0.18464378124958802
2 0.3537741162508909 0.4918246302733581 0.06809609456891899 0.1775716209411625
16 0.47518638466674235 0.4884695795420095 0.11013938140062188 0.18923186972334652
10 0.5693991162508908 0.49558837864850497 0.09667612087727803 0.18587504464226862
8 0.6834161136200549 0.49836059699187985 0.07778961298477043 0.1832040121748646
7 0.7469248767742346 0.4955589253193686 0.06739814455480157 0.19238809740221222
5 0.8147116162508908 0.4998703242637085 0.07825234456891898 0.17774889894433982
5 0.882589360989219 0.5026192232080483 0.07673534719975486 0.17850287540538937