0 0.5171875 0.69765625 0.00859375 0.03125
5 0.52421875 0.7015625 0.0078125 0.0328125
1 0.71640625 0.7640625 0.00546875 0.0515625
8 0.72421875 0.76875 0.01328125 0.05703125
7 0.73671875 0.76953125 0.0125 0.05390625
1 0.7484375 0.7703125 0.00859375 0.05390625
11 0.53203125 0.70234375 0.00546875 0.03515625
0 0.5390625 0.70078125 0.0078125 0.0484375
9 0.5484375 0.70390625 0.0109375 0.04921875
0 0.55859375 0.70625 0.0078125 0.0453125
9 0.56875 0.71015625 0.009375 0.04609375
0 0.57890625 0.7140625 0.00703125 0.04609375
0 0.58828125 0.71953125 0.009375 0.05
33 0.60390625 0.73125 0.0171875 0.0390625