1 0.11028789807445112 0.5472284413192279 0.007313060669954385 0.024300566000954406
8 0.11810948874122382 0.5479187846515007 0.00962044800286348 0.021202838001272716
11 0.12982823874122384 0.5477824246499099 0.010419879336408932 0.022774428668045486
1 0.1438816480744511 0.5468375426480009 0.010392607336090797 0.020430678668045488
2 0.15247539807445115 0.5467375453135009 0.01040169800286348 0.02121192866804549
8 0.16263164807445113 0.5466193666454555 0.00883919800286348 0.021193747334499947
7 0.17197937607413297 0.5441665286441829 0.006522720003181703 0.02351022533418181
6 0.18214471674090568 0.5448295999761374 0.008048857336090797 0.02040340666772735
1 0.18995721674090568 0.5447386933084102 0.006513629336408933 0.022728975334181813
20 0.20634528540736025 0.5429852893061831 0.013553970003181703 0.023592041335136215
2 0.33272651941435993 0.5930841919557748 0.009711354670590745 0.02901533800127254
6 0.34130208808081447 0.5914216946212749 0.011273854670590744 0.02903351933481808
8 0.3483242474140417 0.5905586286203203 0.008939195337363426 0.029787497334499945
1 0.9336617634070421 0.5321781285407785 0.005668744668999892 0.01725113466740904
8 0.9391305134070421 0.5321144938733695 0.005650563335454706 0.01568863466740904
11 0.9461526727402694 0.531251427872415 0.0072130633354543505 0.015706816000954405
1 0.9563180134070421 0.5319144992043696 0.006422722668681757 0.014916475334181811
2 0.9625680134070421 0.5318417738701878 0.006422722668681757 0.014916475334181811
8 0.9688180134070421 0.531769048536006 0.0064318133354547054 0.01569772533418181
7 0.9758492634070421 0.5316872325350516 0.005650563335454706 0.01568863466740904
6 0.9820901727402693 0.5308332572008697 0.006431813335454351 0.01569772533418181
5 0.9883492634070421 0.5315417818666879 0.005650563335454706 0.01568863466740904
23 0.9970429572028052 0.5298520125318698 0.0059140855943894625 0.01808692866804549