1 0.9740338800305821 0.5139249490964842 0.0083414444820761 0.02540952367752336
8 0.9654401300305822 0.5134244201572891 0.010521420171816231 0.02242103157003115
11 0.9536804364530174 0.5119606306947502 0.012165807326946165 0.024074536831702888
1 0.9388776300305821 0.5118773307088677 0.011261726594251797 0.021685284200867017
2 0.9303248236081471 0.5121580517696724 0.011302670171816586 0.022466534200867017
8 0.9201685736081471 0.5115665175688054 0.010521420171816587 0.02242103157003115
7 0.9100942107632768 0.5125374833679384 0.007519250904510955 0.024582771046687314
6 0.8999379607632768 0.5119459491670714 0.008917976594251798 0.02154877630835923
1 0.8913032671857121 0.5106641702278762 0.00747830732694652 0.023801521046687313
20 0.8750198479184064 0.5120523649803218 0.015331750904510954 0.02503779735504672
2 0.740985684643995 0.45128292299988654 0.011753049525030156 0.031060284200867018
6 0.7324738217991248 0.45234489406069134 0.01249335594746519 0.030324536831702886
8 0.7254425717991247 0.451935370383168 0.010190549525030157 0.030969278939195276
1 0.12123642865110118 0.47048607622365457 0.0064104522839921515 0.018287268415851442
8 0.11498642865110117 0.47012205517696726 0.006328565128862396 0.016724768415851445
11 0.10795517865110119 0.4697125314994439 0.008631371551297517 0.01608002630835923
1 0.09779892865110118 0.4691209972985769 0.0070279279737326394 0.015207771046687312
2 0.09076767865110118 0.46871147362105353 0.007850121551297518 0.016034523677523182
8 0.08451767865110119 0.4683474525743662 0.007109815128862396 0.016770271046687314
7 0.07748642865110118 0.4679379288968429 0.006328565128862396 0.016724768415851445
6 0.07049612222866605 0.4683096552193195 0.007068871551297517 0.015989021046687313
5 0.06420517865110117 0.4671643841726322 0.006328565128862396 0.016724768415851445
23 0.05330862222866606 0.4673085973409292 0.01113889586155703 0.019341534200867018