22 0.8928618513685439 0.259375 0.02329259667409076 0.0546875
22 0.8967157467377241 0.5234375 0.02168464334022673 0.05078125
22 0.9009150874442676 0.8171875 0.02249316534054522 0.053125
22 0.5970179281110404 0.81796875 0.024092028007635945 0.05625
22 0.5912720793682257 0.25703125 0.021693734006999678 0.0515625
22 0.27875389803468026 0.25546875 0.021702824673772447 0.05234375
17 0.873321510701771 0.25859375 0.017796574673772624 0.05234375
17 0.8764305187380422 0.52578125 0.016243165340544864 0.053125
17 0.8813929281110404 0.81796875 0.014598849339590459 0.04609375
17 0.5782952001113586 0.8203125 0.015416462006681541 0.04921875
17 0.5709595793682256 0.25703125 0.015425552673454135 0.05
17 0.2592408293682257 0.25703125 0.016206802673454222 0.05
0 0.8529999200349984 0.2578125 0.015434643340227084 0.05078125
0 0.8553185874044967 0.52421875 0.01697896200668154 0.04921875
0 0.859527018777813 0.81875 0.01469884667409076 0.0546875
0 0.5572014501113586 0.8203125 0.013835780673136 0.04765625
1 0.47483165607095124 0.52265625 0.011537484006999676 0.0515625
0 0.45999699673772393 0.5234375 0.014653393340227083 0.05078125
0 0.5498840107017712 0.25859375 0.013072712006681541 0.04921875
0 0.23818344203531655 0.26015625 0.014662484006999677 0.0515625
0 0.27806574407222395 0.53203125 0.015425552673454312 0.05
2 0.8381652607017711 0.25859375 0.015361918006045272 0.04453125
2 0.8404839280712695 0.525 0.016179530673136 0.04765625
2 0.8454463374442674 0.8171875 0.014598849339590459 0.04609375
2 0.5431116781110404 0.81796875 0.014580668006045272 0.04453125
2 0.5764032467377239 0.5234375 0.016951690006363408 0.046875
2 0.5365936700349984 0.2578125 0.017742030673136 0.04765625
13 0.8014374200349984 0.2578125 0.01618862133990895 0.0484375
2 0.7787720793682256 0.25703125 0.016960780673136 0.04765625
13 0.4990754887014529 0.25625 0.017006234006999677 0.0515625
2 0.4772095793682256 0.25703125 0.016179530673136 0.04765625
13 0.8045555187380422 0.52578125 0.016206802673454136 0.05
2 0.7826714280712694 0.525 0.016170440006363408 0.046875
13 0.8079554281110404 0.81796875 0.013872143340226729 0.05078125
2 0.7868707687778131 0.81875 0.016161349339590635 0.04609375
13 0.5063838374442676 0.8171875 0.017769302673454133 0.05
2 0.4837548594445858 0.81953125 0.01540737133990877 0.0484375
2 0.22331242003499838 0.2578125 0.015398280673136089 0.04765625
13 0.18736582936822566 0.25703125 0.01624316534054513 0.053125
2 0.16471867003499838 0.2578125 0.016161349339590635 0.04609375
31 0.8178436700349984 0.2578125 0.014653393340227083 0.05078125
6 0.7655181013685438 0.259375 0.011528393340226905 0.05078125
3 0.7522459420353165 0.26015625 0.014662484006999677 0.0515625
6 0.7365936700349984 0.2578125 0.015434643340226905 0.05078125
31 0.8201532467377242 0.5234375 0.015489187340862997 0.05546875
6 0.7686180187380421 0.52578125 0.014635212006681542 0.04921875
3 0.7545464280712695 0.525 0.013045440006363406 0.046875
6 0.7404930187380422 0.52578125 0.013881234006999676 0.0515625
6 0.7719997467774948 0.81640625 0.015361918006045272 0.04453125
3 0.7579554281110404 0.81796875 0.013799418006045273 0.04453125
6 0.743902018777813 0.81875 0.014589758672817865 0.0453125
31 0.8235258841104042 0.81328125 0.015434643340226728 0.05078125
31 0.515481738701453 0.25625 0.01623407467377245 0.05234375
6 0.46319253270208927 0.2609375 0.013045440006363406 0.046875
3 0.4483033293682256 0.25703125 0.01545282467377227 0.05234375
6 0.4350220793682256 0.25703125 0.01389032467377227 0.05234375
7 0.5615504060709513 0.52265625 0.015434643340227084 0.05078125
12 0.5263850654041786 0.521875 0.01697896200668154 0.04921875
13 0.5092066560709513 0.52265625 0.01697896200668154 0.04921875
31 0.5227991781110404 0.81796875 0.01626134667409058 0.0546875
6 0.46889292811104033 0.81796875 0.014598849339590636 0.04609375
3 0.4556025874442676 0.8171875 0.013090893340227084 0.05078125
6 0.44154917811104033 0.81796875 0.01540737133990877 0.0484375
31 0.20299082936822566 0.25703125 0.016988052673454223 0.05
6 0.14991128270208928 0.2609375 0.014698846674090582 0.0546875
3 0.13738401070177111 0.25859375 0.013099984006999677 0.0515625
6 0.12252207936822565 0.25703125 0.018550552673454224 0.05
3 0.265565744072224 0.53203125 0.014589758672817865 0.0453125
13 0.25072199407222395 0.53203125 0.013808508672817865 0.0453125
1 0.23574188407063312 0.5203125 0.01329997867599957 0.06875
5 0.21545665607095127 0.52265625 0.0202766846753633 0.0640625
3 0.19749699673772397 0.5234375 0.019486344008590527 0.06328125
8 0.1787379060709513 0.52265625 0.01872327534213598 0.06484375
7 0.1607691560709513 0.52265625 0.02028577534213598 0.06484375
4 0.142028246737724 0.5234375 0.02027668467536321 0.0640625
32 0.12336915340545122 0.53125 0.022538618674408716 0.05703125