22 0.3203125 0.51484375 0.03046875 0.04140625
17 0.35390625 0.51796875 0.028125 0.0421875
0 0.38984375 0.5203125 0.021875 0.03828125
1 0.4078125 0.51953125 0.0171875 0.03984375
19 0.43984375 0.5203125 0.025 0.0421875
10 0.4640625 0.5234375 0.02734375 0.04296875
8 0.5078125 0.5234375 0.021875 0.03671875
9 0.528125 0.52421875 0.0203125 0.03828125
3 0.54921875 0.5265625 0.02109375 0.03671875
9 0.56953125 0.52734375 0.0203125 0.040625
12 0.15703125 0.54453125 0.0140625 0.0265625
23 0.16953125 0.5453125 0.015625 0.0265625
16 0.18359375 0.54609375 0.0140625 0.02109375
12 0.19765625 0.5484375 0.0125 0.02265625
10 0.21171875 0.55 0.01328125 0.02265625
11 0.22578125 0.54921875 0.0125 0.02109375
8 0.58203125 0.6171875 0.01484375 0.0234375
9 0.59765625 0.61640625 0.01640625 0.0234375
3 0.6125 0.6171875 0.01328125 0.021875
9 0.625 0.6171875 0.0125 0.021875
12 0.64609375 0.61796875 0.01484375 0.0234375
0 0.66484375 0.6171875 0.015625 0.0203125
0 0.6765625 0.61640625 0.015625 0.02265625