22 0.7096707975053528 0.5324355880634262 0.032500262932123644 0.043514220779006865
17 0.6753867257185983 0.5349605702065187 0.030179244985435005 0.044254560470581336
0 0.6387361718785323 0.5366633920411857 0.023792852665567032 0.039457966314779824
1 0.6199634398252208 0.5355548595737816 0.019173548825501107 0.04171989569792878
19 0.5871736718785321 0.5357633652558244 0.027031512932123646 0.04341876339268076
10 0.5622418680384662 0.537670738632619 0.029420727038746364 0.0450221737011061
8 0.5177333500917776 0.5376746927725342 0.023747388558944316 0.03789546631477982
9 0.4966623321450889 0.5380877499967047 0.021449102665567033 0.03941705600635448
3 0.4748555283050229 0.5400496704514 0.022966138558944315 0.037881829545304765
9 0.4537845103583343 0.5404627276755705 0.022298548825501106 0.041774442775829715
12 0.8785260975844951 0.5658362435005877 0.014858121865896834 0.02758921185055314
23 0.8652675796378064 0.5663856684195098 0.016420621865896833 0.027616485389503433
16 0.8512050796378064 0.5661402065689567 0.015457515439406322 0.021352848620028196
12 0.8372335078510517 0.5690197447184037 0.013181961599340042 0.023655688311602675
10 0.8224352219576744 0.5703231460983754 0.013940479546028683 0.02288807508107791
11 0.808349989904363 0.5692964342478224 0.013136497492717326 0.022093188311602674
8 0.4439668926490724 0.6324320393639676 0.016329693652651578 0.02449148538950343
9 0.4275379105957612 0.631364417204989 0.0178921936526514 0.024518758928453722
3 0.4127168926490724 0.6318865685849608 0.013940479546028861 0.02288807508107773
9 0.40021689264907245 0.6316683802733581 0.01315922954602886 0.022874438311602675
12 0.3783646247023838 0.6320678007280534 0.016306961599340218 0.023710235389503433
0 0.3588106426490724 0.6309456314911741 0.016238765439406146 0.02136648538950343
0 0.3470918926490724 0.6307410799490466 0.017065479546028862 0.022942622158978666