2 0.18202047973612032 0.15912663523663834 0.04866228597964541 0.10750643899896399
1 0.1500620043432262 0.1590560146823084 0.025896874068986574 0.10410745719592907
0 0.12073837737875548 0.1526262322173197 0.047208947890304165 0.10977741439185813
6 0.6234074590579558 0.15571892142568067 0.025239748552257878 0.05652398180303493
4 0.6000063463615088 0.15602929053226855 0.02602099855225788 0.05656036910658786
11 0.575714821754403 0.1587197969424093 0.02211474855225788 0.056378432588823205
0 0.5433560860224266 0.16724292638807942 0.03808650496239867 0.08128854135632886
8 0.5168663606295325 0.16691759470887896 0.034362191480163416 0.08501285483856424
7 0.4885594241117678 0.1721337876367844 0.03169095574818712 0.07787244292790545
9 0.4592357971472971 0.1657040051717957 0.0371233184446341 0.07734590405277593
8 0.43203759636150885 0.1638525607961482 0.036487617658845825 0.08043451674922304
5 0.4023864836650618 0.1644540283311595 0.0312008041766104 0.08408605562435248
14 0.3747709059148027 0.15482647125906493 0.02705695967712849 0.06206550641014079