2 0.838784325888232 0.23879457937389822 0.047844648676092304 0.1069393967660682
1 0.8707428012811264 0.23891076605405814 0.025824099461880932 0.10266797659425161
0 0.8992851782455971 0.23261317842395854 0.046354923283198346 0.10842000961093845
6 0.4013035965663966 0.23301273236000286 0.024422111248705036 0.055833920171816584
4 0.42470470926284365 0.2334597896869491 0.025984611248705037 0.05591580732694625
11 0.4481785965663966 0.23546934701389538 0.02211474855225788 0.056492339439121866
0 0.481318582298373 0.2442202272716202 0.03726886765884583 0.08066682383528967
8 0.5070270576912671 0.2440088653312611 0.034325804176610394 0.08440929952503015
7 0.5345527442090318 0.24934814054603174 0.0316545684446341 0.07725521879233552
9 0.5638763711735024 0.24309149649349707 0.03708693114108108 0.07676057383528967
8 0.5911109592628436 0.2421807717082677 0.03645123035529281 0.07984463025772479
5 0.6199808219592907 0.2429144340781681 0.030383166873057553 0.08342333163720576
14 0.6475963997095497 0.23345090287050363 0.02705695967712849 0.06220675090451113