0 0.15078125 0.61796875 0.0125 0.03125
4 0.16328125 0.61953125 0.009375 0.03046875
1 0.16953125 0.6171875 0.00625 0.0265625
9 0.17734375 0.615625 0.0109375 0.02890625
0 0.1875 0.61328125 0.01171875 0.03125
5 0.2625 0.6 0.01171875 0.028125
0 0.2734375 0.596875 0.01171875 0.0265625
29 0.2828125 0.59609375 0.009375 0.0296875
15 0.2921875 0.59453125 0.01015625 0.028125
1 0.39453125 0.575 0.0046875 0.025
0 0.39765625 0.57265625 0.00546875 0.021875
2 0.403125 0.571875 0.00390625 0.02109375
3 0.4078125 0.5703125 0.00546875 0.021875