0 0.1071182342313894 0.64140625 0.014258728292387658 0.03359375
4 0.12037675217807806 0.6421875 0.011110996239076298 0.0328125
1 0.12747619833801208 0.63984375 0.007872335972519639 0.02890625
9 0.13531143039132343 0.6390625 0.012605300079142267 0.03046875
0 0.14712110860456878 0.6359375 0.014258728292387612 0.03359375
5 0.22802176761748427 0.62109375 0.013386550079142268 0.03046875
0 0.23983144583072963 0.61796875 0.01334108597251964 0.02890625
29 0.250010427884041 0.6171875 0.011110996239076344 0.0328125
15 0.2609933919906636 0.615625 0.011824050079142268 0.03046875
1 0.37176340743006986 0.59453125 0.005460389812585564 0.0265625
0 0.3749566035900039 0.5921875 0.0061507115993402195 0.0234375
2 0.3812293356433152 0.59140625 0.005346729546028861 0.02265625
3 0.3859622997499379 0.58984375 0.006931961599340219 0.0234375