1 0.11115809367091249 0.32735302026595503 0.15565714867609248 0.11083136513275882
1 0.12480752481199364 0.4027668557412186 0.2049272485522579 0.06371362600717383
1 0.11110447394515208 0.05833110623551021 0.14862589867609244 0.11054486364988403
1 0.12077488047912736 0.13202327422028776 0.18882921360606986 0.05292070604522978
1 0.4067487677826803 0.1444555845238614 0.2111772485522579 0.06396829399195125
1 0.41172101984959486 0.3349214170333754 0.1469906240689866 0.10891869665368965
1 0.41276128908001725 0.40748216653908387 0.1961515620344933 0.05945720752810448
1 0.6693151960282773 0.34073897140545 0.14744438833701032 0.10191928015178675
1 0.6766782398658056 0.41511688889593606 0.19320849855225788 0.06323612353571573
1 0.920378928245597 0.43871219227942737 0.15924214350880597 0.06656937056996633
1 0.9364368062958743 0.3621006127356629 0.1271263874082514 0.10801011266130081
1 0.4001669739451521 0.07010950053147263 0.15647478597964531 0.11164444863085599