1 0.927089060862162 0.33106805594899225 0.11105786831702957 0.11181162860909737
1 0.9030075477785697 0.4096476508387492 0.1471626973126945 0.061939568388611296
1 0.9389190158556027 0.052189787900312125 0.12052387357870131 0.10437957580062425
1 0.9188347580336821 0.1245095846343395 0.14721590521931952 0.049457752184201495
1 0.6445705054028462 0.13167334688652724 0.22294394731269432 0.06370339656086825
1 0.6375638292780137 0.3323454941129856 0.15627936305535747 0.11130378875333342
1 0.6354483214560929 0.40885344272621466 0.2063101841585148 0.059415286853472436
1 0.366788597693865 0.33318652118281217 0.1558698393778343 0.10427253875333342
1 0.35759633724110856 0.4106393739563538 0.2041939473126943 0.06326698546670162
1 0.09217794690204045 0.43117530518649294 0.1843558938040809 0.06655563962701408
1 0.07713456349299803 0.3500707755512152 0.15232761042452164 0.11043161977538211
1 0.6530270184864386 0.05519515002939211 0.16579087094786543 0.11039030005878422