1 0.25716665422593615 0.756270370703362 0.06291483157389965 0.11399032200827222
1 0.4970495401846325 0.891119727402906 0.09772620819710517 0.139390311346272
1 0.658633291399153 0.4530668387571322 0.04227900324641087 0.05048180533895437
1 0.7653645324706992 0.47149976010499517 0.03968979139585791 0.036392033338636054
1 0.9333917836885153 0.5148695941279031 0.06449492248328995 0.07026759400859035
1 0.11681220982525345 0.560066438017181 0.04423696956119079 0.07315623667249974
1 0.2027439813356089 0.6509283426957259 0.045772196022240495 0.07161191800604527
1 0.032515076302189166 0.5098568053389543 0.026654003246410884 0.05029999200349984
1 0.002435113739321196 0.4617914753341818 0.004870227478642392 0.049364200668363625
1 0.5112515511383857 0.3013214307367695 0.026203989853730292 0.02451874200349984
1 0.856182221593081 0.3272145054503128 0.03814092816533297 0.03715510200509069
1 0.3824798944834082 0.42641124271958847 0.03367161647693573 0.049600558004454245
1 0.33928900203189016 0.393870915380316 0.03511138555165925 0.04258748933799979
1 0.2911651477298191 0.37533854404040723 0.03272672524323372 0.04021646733768165