0 0.2989839342478223 0.7838903005413607 0.08661143019392785 0.13058006175762477
0 0.5740442098153676 0.8689028318823915 0.12621940097293471 0.1629666644231918
0 0.6437689598186629 0.38537962655125746 0.05259889448011297 0.06087531551854841
0 0.7570229362797125 0.3805209788211131 0.047638659090609534 0.04511392319868044
0 0.9377098745913152 0.3877698745061934 0.07800799756436802 0.08504024122451144
0 0.11236282142433462 0.6157948330695258 0.05769549756436802 0.08444920783841656
0 0.21994922483290127 0.6892657738191834 0.06079322402541774 0.08297763605166182
0 0.0218508697200513 0.5801277692003299 0.02123980032431156 0.053716033386094784
0 0.4595285531636854 0.2641136949727998 0.031768197240056396 0.030596782132453627
0 0.8181808043815014 0.21225070044958314 0.04607615909060954 0.04506845909205772
0 0.35515647321134347 0.4195717362764535 0.04316934740221221 0.057477530878812286
0 0.303938846588138 0.3960493197416906 0.04462275324641087 0.0512729949854351
0 0.25065020535443605 0.38822009936686175 0.03988070616851021 0.04801160266556703