0 0.284375 0.74765625 0.059375 0.11015625
0 0.5203125 0.87578125 0.09296875 0.134375
0 0.6703125 0.44765625 0.040625 0.04921875
0 0.77421875 0.4640625 0.03828125 0.03515625
0 0.93828125 0.5046875 0.06171875 0.06796875
0 0.14375 0.5578125 0.04140625 0.07109375
0 0.22890625 0.6453125 0.04375 0.06875
0 0.0609375 0.51015625 0.025 0.0484375
0 0.0203125 0.46328125 0.025 0.04765625
0 0.5234375 0.3015625 0.025 0.0234375
0 0.86015625 0.32265625 0.03671875 0.0359375
0 0.40078125 0.42421875 0.03203125 0.04765625
0 0.3578125 0.39375 0.03359375 0.04140625
0 0.3109375 0.37578125 0.03125 0.0390625