1 0.19569960442878864 0.76328125 0.07044739474715103 0.1203125
1 0.4461811397892615 0.90390625 0.10762206306795061 0.146875
1 0.6320396346174657 0.4359375 0.04704197394515219 0.05390625
1 0.7444839766357484 0.45390625 0.04318922787409356 0.03828125
1 0.9220974003332316 0.4984375 0.07064429383752824 0.07421875
1 0.051435989870314766 0.55625 0.048914843051739945 0.07734375
1 0.13992910153330454 0.65234375 0.0511858184446341 0.07578125
1 0.47930639454226326 0.2765625 0.028544531017246653 0.02578125
1 0.8462199127392284 0.29921875 0.041663115177646405 0.0390625
1 0.3386727783311595 0.4109375 0.037594199338046155 0.05234375
1 0.29414368238393546 0.37734375 0.038829213606069855 0.0453125
1 0.24349086497275865 0.3578125 0.03555866439185813 0.0421875