0 0.246875 0.7201862767345796 0.0734375 0.12542724687674198
0 0.4953125 0.8802253938282387 0.1109375 0.15533291549465317
0 0.69296875 0.42356282425181047 0.0484375 0.056531801131468204
0 0.80546875 0.45077983010554296 0.04375 0.040879530054229285
0 0.97265625 0.5072212485270621 0.0546875 0.07844316256778665
0 0.1078125 0.5006272347764936 0.05 0.08154089149054773
0 0.19375 0.6042522045258727 0.053125 0.07999657220870696
0 0.02109375 0.4415289698475748 0.03125 0.05486930718159222
0 0.54375 0.2516009449597069 0.0296875 0.028297716822512697
0 0.91015625 0.30217013416387734 0.0421875 0.04243293969514976
0 0.39921875 0.37654133674484236 0.0390625 0.054914758976990365
0 0.3546875 0.3387822615110732 0.0390625 0.048664758976990366
0 0.30390625 0.31504932484098563 0.0359375 0.045521578258831144