1 0.352847776688577 0.7066889876798914 0.019985844889756965 0.020327087452429993
1 0.33136890092927124 0.521613650721753 0.01755117591180557 0.016325336958138335
1 0.21349564237989646 0.7556464580223962 0.022910823138263935 0.01186067144481875
1 0.29069196238402834 0.6518622248283101 0.011301175911805572 0.016070668973360826
1 0.4811331647969796 0.5511313488583175 0.03862674211621524 0.01640359140676253
1 0.665599083774931 0.5625503044092557 0.019858558320625087 0.014858337452429815
1 0.4602718848773614 0.35905659539827633 0.023201763867708357 0.02436067144481866
1 0.7004409835668405 0.28220622980840704 0.013499455547083272 0.009916169467652303
1 0.7560584699834726 0.45852599068282196 0.013644925911805572 0.016166169467652303
1 0.7478518053739242 0.7430774042189752 0.01916822729857639 0.018732753954332538
1 0.9642333394745142 0.4154948681728704 0.027616506933854267 0.012832922433401884
1 0.6519287887533334 0.17642180342067246 0.017423889342673603 0.010856586958138337
1 0.669079267951771 0.14199772387690796 0.016588087955902785 0.008481003460041103
1 0.6089587323325695 0.10754712802152108 0.011827852773541637 0.005165002471457925
1 0.7499824694147917 0.06334082467521071 0.010265352773541635 0.005101335475263547
1 0.8044160494869097 0.08819358604391722 0.013426720364721945 0.0067911694676523245
1 0.33483351415204876 0.23452748619701663 0.01655172036472221 0.0069185034600410585
1 0.09080367799909787 0.7826480153230392 0.025944904160312497 0.008081755437207506