0 0.253125 0.736628888170898 0.0234375 0.023573855386194255
0 0.259375 0.5413527496072166 0.0203125 0.01886817466803503
0 0.09765625 0.7747868974424762 0.025 0.014207945745273776
0 0.1953125 0.6737925448849522 0.0140625 0.01726931323171641
0 0.41171875 0.5852078096174793 0.0421875 0.020557939695149584
0 0.60625 0.6152458093228917 0.0234375 0.017323855386194253
0 0.4203125 0.38213280659241716 0.0265625 0.028279536104353475
0 0.6859375 0.32352191763595217 0.015625 0.011028403590796109
0 0.7171875 0.5143287248175445 0.0171875 0.01884999394987581
0 0.665625 0.8116849929679171 0.021875 0.020439765027114733
0 0.94453125 0.48752637206362887 0.0296875 0.015797716822512697
0 0.65078125 0.20847363455666076 0.0203125 0.012618174668035031
0 0.67421875 0.17423498994285505 0.01875 0.01104658430895542
0 0.615625 0.1317066014773694 0.0125 0.006322722872636933
0 0.771875 0.09980313738533116 0.0109375 0.006313632513557321
0 0.82578125 0.13058550477357794 0.0140625 0.007894313231716587
0 0.30625 0.2400629603796051 0.0171875 0.00947499394987581