1 0.29363477191409726 0.2087539082214927 0.022243192775829625 0.021730247492717503
1 0.2791433981302656 0.4084954954476535 0.019036372158978576 0.016951819279472247
1 0.13945974066450914 0.1530531406705154 0.02520455154212753 0.012446175705962893
1 0.2289916193163095 0.2669134006996453 0.012800008928453722 0.01755121285298138
1 0.44042577150706014 0.378789960412206 0.04169262215897866 0.01761104882550102
1 0.6411252008902092 0.36826032271119147 0.02214773538950343 0.016261497492717502
1 0.4260844021874554 0.5871252976383668 0.02545001339268076 0.026508675705962936
1 0.6910157012939508 0.6739958456724451 0.015007391233702094 0.009806909012915454
1 0.7439519663114847 0.48251538783402853 0.015130122158978665 0.016838159012915455
1 0.7229131688298421 0.17281377890025534 0.02063978246740401 0.019341033386094875
1 0.973058813713697 0.5321276282671171 0.029905688311602674 0.01336381802583091
1 0.6429793960983755 0.7879506970843708 0.018954551542127617 0.012264319279472247
1 0.6631652110331836 0.8248823957515874 0.01811875446422686 0.009116587226160534
1 0.5989487524290414 0.8627066561764286 0.012581820616851046 0.005051212852981379
1 0.7545771895228282 0.9121119596207832 0.011032957386326103 0.005786998746358662
1 0.8135158128996227 0.8853843235691213 0.01417159415580116 0.006659176959604096
1 0.29553560592033357 0.7206772467012947 0.01731023092527657 0.00753135517284953
1 0.010734722807601687 0.12240619741357525 0.017337504464226872 0.009093855172849486