0 0.3635701820460625 0.7257935966498046 0.024665807326946253 0.024255955534962938
0 0.31057241406738106 0.5615426128918735 0.021295145861557074 0.019459328130301046
0 0.24187888851392617 0.8158233743246189 0.024256371551297562 0.016443455534962938
0 0.2957995058813522 0.6946279314035276 0.01496325870642723 0.01767857332097762
0 0.45588159204111367 0.5416517204262693 0.04029080732694616 0.024801592558271322
0 0.6308306823847467 0.49187243131870967 0.02277575870642732 0.01795139183263199
0 0.40173075983808104 0.36964280037066893 0.028036468792335612 0.02905258293962456
0 0.6130477973773235 0.22111598721649223 0.01628009724103805 0.013045637023308566
0 0.6966338240624322 0.3671427606301372 0.01808825870642732 0.01778770072563942
0 0.7403617333801149 0.6338739036438955 0.023021420171816586 0.022638891832631992
0 0.8839058519907365 0.2607860893085925 0.029025758706427495 0.018169646641955417
0 0.5487606473318951 0.1383605401190499 0.019486984396167806 0.014717264427970278
0 0.5584974954774442 0.10136897160739562 0.017760710085908293 0.011537700725639422
0 0.4960351170287417 0.08795380155179529 0.011265048620519025 0.0066319459163159955
0 0.6206057490954888 0.0029091847152386886 0.011265048620519025 0.005818369430477377
0 0.6764463133198401 0.00835060318840857 0.014471935775648781 0.008303573320977703
0 0.2621979483272633 0.29419391098510767 0.017678822930778538 0.009975200725639422
0 0.13083184588630092 0.8813070197854479 0.02721759724103805 0.013427582939624472