1 0.19964671503105952 0.6296875 0.05234976167848249 0.05390625
1 0.2432355229612536 0.04453125 0.08343227711788873 0.075
1 0.41016432937510905 0.53671875 0.041829798825501106 0.04140625
1 0.4178968906705154 0.13671875 0.030983227038746362 0.04453125
1 0.6057091277383917 0.1796875 0.018096782132453627 0.03125
1 0.6628623981923628 0.20234375 0.01648881802583091 0.0296875
1 0.6350483205996204 0.46015625 0.01782399749271768 0.021875
1 0.5678919128403461 0.4859375 0.025613765439406144 0.02109375
1 0.4472668949601645 0.953125 0.03777879631821861 0.06328125
1 0.5738163377548863 0.765625 0.022207620612255674 0.03828125
1 0.6401975071926429 0.6859375 0.01947742570596276 0.025