0 0.05580226393063849 0.8119000363007451 0.08361613680346806 0.04109769867214012
0 0.3443117561087179 0.886758093973317 0.04482665258848364 0.04555793969514994
0 0.48871128739640035 0.5797717748878679 0.019296031570031145 0.009484084308955332
0 0.4971692585277923 0.6625070068356911 0.01966005261671846 0.015734084308955332
0 0.7183694243410427 0.6862116306668457 0.05145608418674961 0.025290891490547907
0 0.8496418111445108 0.6448366760427771 0.015989021046687313 0.006340903590796287
0 0.9093962427427768 0.664794652038672 0.008358531570031146 0.009420451795398143
0 0.8932630085277923 0.6602026008090081 0.009921031570031148 0.009429542154477666
0 0.8766971348079167 0.6228116851179635 0.0067960315700311465 0.009411361436318443
0 0.5320895610739236 0.5724905400131783 0.009739021046687312 0.0063045421544778435
0 0.4323016636765248 0.5426126633533535 0.009739021046687312 0.0063045421544778435