0 0.8689598471222766 0.827107962162837 0.08569345909205808 0.04924232878371626
0 0.5723181793338725 0.9027266621200557 0.04511392319868044 0.04891268899896417
0 0.4522423939027137 0.5938311592245716 0.01906824874635884 0.011810795285270358
0 0.4374417595004044 0.6766629299027361 0.019204641066226814 0.01649829528527036
0 0.21204695440669724 0.7004601106295325 0.052380853919208284 0.03052656203449331
0 0.08331654915470546 0.6587349911086597 0.015806856426490733 0.006977746071058633
0 0.022879154327554947 0.6787607007857883 0.006568248746358768 0.011228598428423452
0 0.038390494060998245 0.6741267047147297 0.009693248746358773 0.011374147642635179
0 0.05841583755536524 0.6364254975188006 0.008085284639736078 0.009738873035529316
0 0.4089781272096662 0.5856762109199828 0.011119356426490867 0.006759422249740865
0 0.512134219450392 0.5550554495474432 0.01111935642649069 0.006759422249741043
0 0.9754191326199425 0.6680347150583211 0.02742631802583091 0.030924668320799497