1 0.15546875 0.8109375 0.0765625 0.03828125
1 0.4296875 0.8828125 0.0390625 0.0421875
1 0.5484375 0.59609375 0.01640625 0.009375
1 0.5609375 0.6734375 0.0171875 0.0140625
1 0.76953125 0.696875 0.04609375 0.0234375
1 0.89140625 0.65859375 0.01484375 0.00546875
1 0.94765625 0.678125 0.0078125 0.009375
1 0.9328125 0.6734375 0.00859375 0.009375
1 0.91484375 0.63828125 0.00625 0.00859375
1 0.5890625 0.5890625 0.01015625 0.00546875
1 0.49375 0.56015625 0.009375 0.00546875
1 0.059375 0.6625 0.02421875 0.0265625