1 0.9429022252354553 0.8327552151035544 0.0833790660333733 0.042043224025417915
1 0.6546862522592483 0.913636616887268 0.04456222749876275 0.046048885551659424
1 0.5121148134313818 0.6103770235422455 0.01846007293077854 0.009688645697928776
1 0.5023923326532586 0.6934349853927987 0.018746677973732594 0.015157395697928778
1 0.2818275271353346 0.7223078279237469 0.0505289444820761 0.025859116476935638
1 0.15001096110196105 0.6839465316566252 0.015911605042954146 0.005741485389503431
1 0.09091924411864785 0.7053090629062133 0.008344766508343393 0.010292617694751626
1 0.10629858265325857 0.7003488275167099 0.009126016508343415 0.010306254464226861
1 0.12308329093014456 0.6625215450493058 0.0075225729307785375 0.00949773092527657
1 0.4679963212332979 0.6041094326328551 0.010442855042954058 0.00564602800317715
1 0.5679210781307028 0.571086652601083 0.010483798620519024 0.00642727800317715