1 0.17690548536979236 0.8148015660645835 0.07903418977951393 0.041790685116542645
1 0.45828407835968826 0.8776909133473604 0.04084385875746523 0.04436012440943671
1 0.5725589050133338 0.5804934764167191 0.01740570554708327 0.00997520072563951
1 0.5876767183679519 0.6589359349469067 0.01751480832062491 0.014662700725639511
1 0.8015216660312505 0.6757067395787449 0.04820176386770854 0.02510169292109108
1 0.9240499762517367 0.6323337070946073 0.014971036569131967 0.005987105172143181
1 0.9823170711414937 0.6498461001083656 0.008048889342673605 0.010429068511654194
1 0.9673642183679518 0.6456769552805088 0.008830139342673604 0.010456350362819578
1 0.9485590137707991 0.6103669378573137 0.007249455547083272 0.00962053666048881
1 0.6145827508530213 0.5719890064537859 0.010283536569131968 0.005823414065150701
1 0.5162355166205908 0.5457117378494644 0.010283536569131968 0.005823414065150701
1 0.07492214522968806 0.6658953293114275 0.02563643284565975 0.028216769237293705