0 0.39020175501727794 0.8078304963498473 0.0427896778706093 0.053834112012708955
0 0.33987012707011893 0.9924333672910098 0.07050350098858313 0.0059148092527649965
0 0.2071465158916929 0.8626249107154627 0.06083934091247105 0.03697389448011279
0 0.08355250699444432 0.8225647467535891 0.02620967292769345 0.03012387662320535
0 0.32582494273653795 0.5134316599046838 0.03689250494291585 0.02406479139585791
0 0.2792138809872706 0.6166617999205698 0.021394838935304604 0.0269170560063543
0 0.5451758261209044 0.35167813352635957 0.02401050296574958 0.014471603084255057
0 0.6027774204934165 0.4030536728936225 0.017887836958138337 0.017487508928453722
0 0.449238585018153 0.39557022971075584 0.021140170950527094 0.02066705600635439
0 0.24465585577839968 0.49764874716062624 0.03989017095052709 0.02099433847375849
0 0.4097953775272295 0.5979645726487413 0.017951503954332714 0.01905000892845372
0 0.33460308205240347 0.38349869805413067 0.030515170950527092 0.020830697240056394
0 0.4863818048663662 0.25185145738962145 0.02244800296574958 0.014444329545304769
0 0.39222062798434004 0.20502309618769154 0.019259335969555112 0.0128272824674041
0 0.45220312304142424 0.18052192816862828 0.008130834980972067 0.007948867694751716
0 0.5289221319386728 0.22140029829901192 0.00975700197716627 0.009538641233702095
0 0.5815868755128821 0.18999061120522523 0.011383168973360825 0.011128414772652384
0 0.7923453033834915 0.23947459375535485 0.020821835969555204 0.012854556006354389
0 0.7208403765014653 0.19225076623864495 0.00975700197716627 0.009538641233702006
0 0.6787656230414243 0.17656726502082898 0.011383168973360825 0.011128414772652384