1 0.3764145228888548 0.8054643904196279 0.03788251291777787 0.050640928165332964
1 0.3112473838305217 0.9889415434244526 0.0678057490500695 0.022116913151094764
1 0.19369359507718822 0.839759749592963 0.05697735182361115 0.03223184740221221
1 0.07850369975059093 0.7893312812495881 0.023274499050069463 0.02695796631478
1 0.3392177685204518 0.5158700564100963 0.034048344889756964 0.020117631087432385
1 0.2851861915824658 0.610200709007884 0.0193136976632986 0.02454603246740401
1 0.5649054867009726 0.38158437986632104 0.0221659407294446 0.012881829545304768
1 0.616959602392292 0.4371582698822071 0.016769925911805574 0.015911372158978664
1 0.4688305737069448 0.41426842045139994 0.01916822729857639 0.01829603246740401
1 0.2613285046527435 0.49108251623205434 0.036337543502986146 0.01781479139585791
1 0.41312935362656306 0.604624639201812 0.016788109707395905 0.016692622158978664
1 0.358165177430417 0.390470635955401 0.02854322729857639 0.018459673701106107
1 0.5164660270698267 0.279998560467286 0.020585256933854268 0.012073306006354478
1 0.4292556613785071 0.22381101582501728 0.017442073138263937 0.01123750892845372
1 0.4889936840799307 0.20689229707460538 0.007976154160312453 0.007167617694751716
1 0.5603972118153474 0.2549946063273707 0.008811955547083273 0.00952500446422686
1 0.614466462765278 0.22938668019063257 0.010392639342673603 0.010333528003177151
1 0.8144495853904516 0.2992566696373258 0.019804006933854267 0.012059669236879244
1 0.749168771085903 0.24579470454036184 0.00879377175149294 0.008743754464226861
1 0.709651676196146 0.22558161606660337 0.010410823138263936 0.01111477800317715