1 0.3993410678209523 0.7869048107919239 0.038193512820281585 0.04969246515360979
1 0.3417041579772081 0.9728671034428625 0.06729881596343468 0.0382291754978958
1 0.22210863378438708 0.8165947668750408 0.05610660483856424 0.03237847958157971
1 0.1089515082676584 0.7650644940095502 0.023112168320799587 0.02732639183263199
1 0.35648136393479213 0.5030556004476378 0.0337221825888232 0.020677087748947897
1 0.30612395305759066 0.5941146208660577 0.01906036910658786 0.024064982576804894
1 0.5736602477236884 0.37648320988095013 0.021675946856846907 0.013236609981466608
1 0.6253533343652876 0.4313269665043721 0.016352746071058633 0.016170637023308565
1 0.4806936517764644 0.40677585588993337 0.019550520678164318 0.017842264427970277
1 0.2804261321317572 0.4777802927357566 0.035956770678164496 0.018415183302444228
1 0.4307964673256143 0.5914484670525263 0.016389133374611474 0.016951887023308566
1 0.37186230727698233 0.38113596042910425 0.028144270678164406 0.018142364790790032
1 0.5237629474760194 0.2764633625133553 0.020077059553293884 0.012400796279135661
1 0.4376948608344202 0.2204192044386545 0.017696922249740864 0.011537700725639422
1 0.4954517028527029 0.20449659327606157 0.008139985731976296 0.007304068511654283
1 0.5663121664587727 0.2522098961786193 0.008994010339082158 0.008893850362819755
1 0.6182727727450791 0.2290650620578684 0.010629284946188023 0.010510914065150524
1 0.8142252816364192 0.299866179295729 0.01925942224974122 0.011592264427970279
1 0.7493601069054788 0.24690238120249478 0.008994010339082337 0.008893850362819755
1 0.7102055616202085 0.22681557049538884 0.009884422249740865 0.011264882213985139