0 0.36328125 0.77421875 0.03515625 0.04765625
0 0.63046875 0.99296875 0.06171875 0.0140625
0 0.29765625 0.95859375 0.0640625 0.03515625
0 0.18828125 0.81015625 0.053125 0.0296875
0 0.0796875 0.76328125 0.02109375 0.02578125
0 0.334375 0.4984375 0.03203125 0.01875
0 0.28046875 0.5890625 0.0171875 0.02265625
0 0.55234375 0.36640625 0.0203125 0.01171875
0 0.60078125 0.41875 0.015625 0.015625
0 0.46015625 0.39921875 0.01796875 0.0171875
0 0.2609375 0.4765625 0.034375 0.01640625
0 0.40234375 0.58203125 0.015625 0.015625
0 0.3546875 0.37890625 0.0265625 0.0171875
0 0.50859375 0.2703125 0.01875 0.01171875
0 0.4265625 0.21875 0.01640625 0.01015625
0 0.484375 0.2015625 0.0078125 0.00703125
0 0.55078125 0.24609375 0.0078125 0.00859375
0 0.603125 0.22109375 0.01015625 0.009375
0 0.7921875 0.28359375 0.01796875 0.0109375
0 0.73125 0.234375 0.0078125 0.0078125
0 0.69375 0.215625 0.009375 0.01015625
0 0.99140625 0.52578125 0.0171875 0.0078125