0 0.6260020933608796 0.8186731100811325 0.05207342068857237 0.05995680267345449
0 0.8039212514355804 0.9043031694382225 0.0656448473675951 0.0460579346753633
0 0.9297744233052793 0.8854633574554034 0.0308333377489479 0.03315794533736351
0 0.7192237813878293 0.536279328095132 0.04004464664195524 0.028579533338636054
0 0.7558830224021545 0.6468173860995863 0.025982146641955417 0.028415901336727067
0 0.5170635367453069 0.33791291140195134 0.025654764427970277 0.01904090133672707
0 0.45447425670824 0.37935497672658813 0.021021828130301047 0.020548857336090798
0 0.608172175582714 0.39754299741404175 0.024255955534962938 0.023710220003181702
0 0.8018998721320022 0.5333366887730405 0.04155258293962447 0.027035214672181597
0 0.6271751798438832 0.6062731074156326 0.021021828130301047 0.020548857336090798
0 0.724769398540872 0.4043662567631774 0.0336855192372937 0.02538180800445424
0 0.5858011238612827 0.24890550274504183 0.02403770072563951 0.017460220003181703
0 0.6846552861123347 0.2172566080919503 0.020858137023308566 0.015861357336090797
0 0.6272321665122214 0.1830083300843143 0.011264882213985139 0.00950226933481808
0 0.5462376268565075 0.21174131007317848 0.011319445916316085 0.011064769334818082
0 0.4956002205959053 0.17054359806649694 0.012936509618646851 0.012645450668363534
0 0.2813293894703793 0.18444991470399827 0.022420637023308564 0.01587953866963625
0 0.35744545616793505 0.15019364071449778 0.011319445916315996 0.011064769334818082
0 0.4016220421027844 0.14055555872054298 0.012936509618646851 0.012645450668363534