0 0.5781503613745487 0.46341265472520937 0.16643865690134446 0.19843604195220052
0 0.8500420817493776 0.42621357551778294 0.14621708511458992 0.2003779735504665
0 0.5429844365265156 0.27340230475344424 0.1740693004748536 0.19264106826055966
0 0.7195422395086517 0.4443503835373477 0.16643865690134446 0.19843604195220052
0 0.03770825164935264 0.14336286312594476 0.07087009263643718 0.1304757262518895
0 0.1409325400500124 0.12597721302712273 0.16645537727617327 0.14540204721387232
0 0.26828465023742687 0.10687714448421434 0.11135870031656916 0.12815436305535757
0 0.2772003121533362 0.25246266026922987 0.20454641066226814 0.16789867349399668
0 0.09695052249903517 0.2762810499152954 0.1826259465556454 0.1650620998305908
0 0.11267011388183112 0.4144635893778343 0.20651808762187224 0.1820521787556686
0 0.30677781505633006 0.3844329970868154 0.22196123119538144 0.17671223137238706
0 0.3320315308123054 0.5286303181193853 0.24025659012915473 0.16217929451244933
0 0.1214948475844951 0.5569241051628498 0.2155293747688908 0.17009821032569974
0 0.3554272298752333 0.6625803838902835 0.2766941953020042 0.18145991553090185
0 0.4423625917120003 0.7822929153897273 0.1864496285298145 0.1356476156156063
0 0.2658371956312086 0.8000888181899726 0.20133048244902269 0.16459166297065303
0 0.2643883558977653 0.8039040629283007 0.193336126022532 0.15788663666229397
0 0.12207883544379419 0.8182333314853265 0.11439277210332377 0.12521137357870132
0 0.14680971397360867 0.9434083657567808 0.1047449874635877 0.11318326848643849
0 0.30107131663917575 0.9809307525602489 0.24667642319868044 0.03813849487950236
0 0.5030513537861943 0.9755746656014889 0.16146634890464337 0.048850668797022226
0 0.2820425203209571 0.9264935170298465 0.1977963054894186 0.14701296594030708
0 0.4669116138153241 0.9022714864222973 0.20730769780928676 0.15558068401734032
0 0.13471156459411165 0.689501386732881 0.1965520542357774 0.16119364718563745