0 0.5847658985576385 0.4219259938955645 0.15091180262104179 0.18113489258219673
0 0.8397086249062843 0.3640880811869799 0.13223453780340294 0.18327724672063966
0 0.5654015687698608 0.24815430122251084 0.15701633225631967 0.17521244120271567
0 0.7181239124253469 0.3915280857095356 0.15091180262104179 0.18113489258219664
0 0.06925783985576385 0.15959632801916118 0.1385156797115277 0.15268234396167765
0 0.1970360413187846 0.11686219414339176 0.16363000816812515 0.19116498982323474
0 0.3178213200041319 0.09024438319840086 0.11174019984750014 0.17440021370395287
0 0.32108852431694423 0.251594641000317 0.18612195079743063 0.15176829715018095
0 0.11845709963940962 0.2936537454774443 0.23691419927881924 0.1595675090451115
0 0.12678620478777763 0.42260426108127647 0.25357240957555527 0.1726407191310198
0 0.33938196979604135 0.3708016644060653 0.20345492116215294 0.15891905585660826
0 0.35346004075010373 0.5034946556996381 0.22031511284152785 0.1457573145630356
0 0.1314571009705898 0.554144188150498 0.24727765634451404 0.16433689620024125
0 0.3669932510468398 0.6260723405707757 0.25349128875333343 0.1631019448207603
0 0.43948388725538134 0.7299542571245476 0.17136846656500015 0.12134381275401332
0 0.27411280718326325 0.7612496019907364 0.18448671561506957 0.14856140999505119
0 0.27324063820531186 0.7651967955683012 0.17656511284152784 0.1434644742194024
0 0.10777863915524237 0.8003983904344901 0.17158667211208342 0.1307188127540133
0 0.1222567536122909 0.9159038817280628 0.16359233415618063 0.12249687697836435
0 0.29778277726364505 0.9511818831984009 0.22961607123840277 0.0760180246489437
0 0.484756100401909 0.9304588681603956 0.15043771751493046 0.09371677973732631
0 0.1176770499650686 0.9785676560383223 0.12565461664125 0.03467597241038014
0 0.2823045540491312 0.878645141904828 0.18107077488562506 0.13589763568479185
0 0.45487053828156176 0.8399500548405554 0.18899237765916688 0.14099457146044045
0 0.13561531126732582 0.677213195952414 0.23154355357097237 0.1588305246489437