0 0.5719860309453194 0.42578125 0.14080215940862678 0.1671875
0 0.8381566002247915 0.40703125 0.12067151583511766 0.1734375
0 0.5710325993668617 0.24375 0.1484328029821363 0.1609375
0 0.7097588155850556 0.41640625 0.14080215940862678 0.1671875
0 0.06997151920032989 0.08125 0.13994303840065977 0.115625
0 0.21263874082879997 0.07578125 0.14729620031656915 0.121875
0 0.33795698957515874 0.06484375 0.09555184389007838 0.115625
0 0.32131975587249473 0.20703125 0.1819439849563052 0.13125
0 0.11493702672217729 0.21875 0.22987405344435458 0.128125
0 0.11543948040395871 0.3515625 0.23087896080791742 0.140625
0 0.3270121632360576 0.33359375 0.19926787727617318 0.1359375
0 0.32611358979995025 0.471875 0.21908027210332381 0.11875
0 0.10872882765924938 0.48671875 0.21745765531849875 0.1328125
0 0.3255105330568904 0.6 0.2522564849563052 0.13125
0 0.38768026095356667 0.71875 0.16858016693047428 0.1015625
0 0.21564613658038728 0.72421875 0.18024509263643723 0.1265625
0 0.21475122631383062 0.728125 0.1739041644231918 0.1234375
0 0.06274507475625551 0.734375 0.12549014951251103 0.10625
0 0.061707760491348275 0.85546875 0.12341552098269655 0.0984375
0 0.2153265731734099 0.95 0.23572220282385156 0.1
0 0.40912203728003255 0.9484375 0.151438131037097 0.103125
0 0.04529549881286577 0.95703125 0.09059099762573154 0.0859375
0 0.21049197215719548 0.84765625 0.17988137978345575 0.1140625
0 0.3905659170634883 0.834375 0.1877848079967011 0.1171875
0 0.09978808518109679 0.61484375 0.19957617036219358 0.1265625