1 0.6276753927434511 0.5945529063245784 0.13079710868872638 0.16850390508623328
1 0.8995503927434509 0.6072156879609976 0.10901301535645373 0.1752975605867512
1 0.636870221435359 0.7808178920565547 0.13851870202099903 0.1610552781217624
1 0.769081642743451 0.6011390082676584 0.1307971086887262 0.16850390508623328
1 0.12746050079563043 0.951018844499482 0.14647610534690844 0.09796231100103583
1 0.27975879746176685 0.950714937551222 0.1418795120146356 0.0985701248975559
1 0.4079019787953122 0.9558888774288501 0.0879368993475449 0.08822224514229973
1 0.38439065877622225 0.8244971557054057 0.17564598468331738 0.13077061869230314
1 0.16100770277685855 0.8187778868892682 0.24820223734881744 0.12556088792272532
1 0.15316683609163215 0.6817680384608448 0.25070052868395376 0.13895129983338422
1 0.38288160809195027 0.6948096557054058 0.1928698473504083 0.13469613937046745
1 0.3749861974060876 0.5531123072769824 0.21452667134786302 0.11696498386994954
1 0.13747710673931485 0.541269316996892 0.2427880313494538 0.12999367679785506
1 0.36799021538827026 0.42160759615211185 0.24823860001590833 0.12868588792272534
1 0.42434820870463463 0.29930025661502857 0.16513519867918128 0.0998288337461151
1 0.2494209340388164 0.2973995006191726 0.1748101906826811 0.1260467313887501
1 0.24703173070495277 0.29338408870851373 0.16773348734881743 0.12181299565677381
1 0.07755502470558912 0.29017554383752825 0.14882894601368118 0.10765845037150346
1 0.07298460868872626 0.1658112446233165 0.14248803934595397 0.09955485194308009
1 0.23493862133990878 0.05935369106587861 0.23081474267981755 0.10757286724456103
1 0.4341391900063633 0.06706995347187543 0.14561303934595404 0.09970040115729181
1 0.05137214334022695 0.05314642473094037 0.1027442866804539 0.10629284946188074
1 0.2370289273551808 0.17189007836943154 0.1738743993475448 0.11272909408519727
1 0.42062267735518083 0.1804410947043698 0.18250451201463563 0.11625435442427942
1 0.12113339672181564 0.41167170822938637 0.2255914406826811 0.12841190611969058