0 0.6015845127307242 0.4649388212524128 0.13626585868872637 0.16406359468490822
0 0.8565265514003606 0.48385026388450536 0.11602608402290784 0.17007723734881744
0 0.6214322940404072 0.2904655325827766 0.14244313335454456 0.15788632001909003
0 0.7345242820655424 0.47433090790105004 0.1362658586887262 0.16406359468490822
0 0.15774941267504508 0.06123694466104571 0.14987382535009014 0.12247388932209143
0 0.30004600067631776 0.06977560331795525 0.1469670013526355 0.1395512066359105
0 0.41960452267663595 0.07127392130809207 0.09545904535327185 0.14254784261618414
0 0.3877834526973168 0.2212995512810479 0.1749283693507265 0.13014312802354439
0 0.17891698269413508 0.20028925930936475 0.242097688017181 0.12936242536599848
0 0.16322035204486157 0.32861425397836463 0.2469306386855446 0.14191696936663475
0 0.3782550060470887 0.34252057061586594 0.19060791335136287 0.1350124413589988
0 0.36339416939845154 0.47552397461809315 0.21073860001590833 0.11962379869508961
0 0.1405106527291335 0.458583564648319 0.23746473201781737 0.1339953813653622
0 0.34841515408176893 0.5983711286203203 0.24213405068427188 0.1324874253659985
0 0.3935742074315409 0.7189558012810479 0.16210110534690844 0.10187267735518084
0 0.23006569076222289 0.7013245006365468 0.1733295066836355 0.12699994668999892
0 0.22775830342931375 0.704476772636865 0.16702496268299924 0.12223972135581711
0 0.07441512742676842 0.6875085433243185 0.1340670120146357 0.10935791335136287
0 0.06793895544235863 0.8024431999920459 0.11835110534690847 0.10136360001590816
0 0.20141562145922148 0.9251256273074556 0.22474655601527208 0.1150999306969986
0 0.38833436612822136 0.9401404579487751 0.14494996801399934 0.10479768268618095
0 0.04574687679022159 0.9097471699952276 0.0715670120146357 0.10863066000954476
0 0.2103264501113585 0.8179761986394103 0.17162155601527207 0.11448176535645338
0 0.3831554227800402 0.8308109112826386 0.17947041868236296 0.11769767202418073
0 0.11612027474536002 0.5784148066518189 0.2202408693507265 0.13067038669636233