1 0.5971993108334492 0.5486543926490726 0.13495593340079956 0.16383884263643722
1 0.8643868108334491 0.5564287548815509 0.11349036917644853 0.17101484514371953
1 0.5946088201057034 0.7324527311288745 0.14235899762515078 0.15625366316955044
1 0.7362618108334493 0.5527006981384911 0.13495593340079956 0.16383884263643722
1 0.08289563489588152 0.9264752349563052 0.15046474672063964 0.13230769780928675
1 0.23116936058562204 0.9288500771970309 0.1452792797373264 0.1422998456059382
1 0.35686872343049225 0.9326232693815587 0.09277175542706698 0.13475346123688253
1 0.34334621325372694 0.7791301881758683 0.17739906094499086 0.12529081967518357
1 0.12439149536590259 0.7766714632486929 0.24804243159177725 0.11876568652651542
1 0.12555776345612565 0.6421146068222022 0.2511155269122513 0.13213786473976086
1 0.35002001639680175 0.6517864381758682 0.1939690852552504 0.12889319279472175
1 0.35109891678091454 0.5117608317493775 0.2149023829712582 0.11156094028743926
1 0.11985828004914012 0.5049866798625979 0.23971656009828024 0.12407531215333627
1 0.35238585707911907 0.3826954573761981 0.24820620590203674 0.12189068652651561
1 0.41588619233436946 0.260917397267926 0.1656869549975255 0.0953078029821361
1 0.24368364371385046 0.2621663455394311 0.17563184305716648 0.12133910556856087
1 0.24154461160167484 0.25819189937949705 0.16917712516934208 0.11725099914207018
1 0.07515632081095734 0.2554891335443794 0.15031264162191468 0.10541858887551347
1 0.07531787341710548 0.13352320533113407 0.15063574683421097 0.09744696450233406
1 0.24351098258714546 0.041512864739760943 0.2286030348257091 0.07529683135366608
1 0.4396866197422752 0.045656110120907416 0.1455858169378848 0.06898098370266398
1 0.0578125 0.038400921945039204 0.115625 0.07680184389007841
1 0.23921522896910083 0.13841059679307227 0.17493580223856364 0.10805785556856091
1 0.41964303539153597 0.14444295110799193 0.18291207654882308 0.11141017610167432
1 0.11165127233189506 0.3772110208496825 0.22330254466379013 0.12203543903379802