0 0.7662966448101974 0.19780858348087788 0.2870192527304745 0.20259146288594837
0 0.8751110250842598 0.703534209690415 0.24321471057599667 0.19066831555913666
0 0.3406213538340701 0.9440831999435304 0.455378367290051 0.11183360011293927
0 0.19042188681516564 0.8520006577089811 0.26042039129415606 0.19479437343752687
0 0.7958451850197676 0.894081012871831 0.39954652380771344 0.21183797425633805
0 0.5064943979334554 0.25613921004335094 0.2713669816532356 0.1969939102692299
0 0.19235515076212578 0.32530164981647336 0.38471030152425156 0.22872829963294672
0 0.251511982144215 0.15766609976000362 0.4667703852440318 0.22399456797821102
0 0.6066676356368153 0.09785554415951336 0.2960397287263694 0.14219999445597947
0 0.2454007991865606 0.6707653392366599 0.44652151775758914 0.233748999576477
0 0.7297808652469475 0.5637752177240973 0.47317492134838535 0.25092108902489835
0 0.5440695824622437 0.782724096846819 0.4746192466803503 0.23069959428657025