0 0.10164929083684009 0.2964837277568786 0.20329858167368017 0.17265754448624282
0 0.14848947515077468 0.7967118794300337 0.2711359339354164 0.16863588935304658
0 0.7608059366761873 0.821690749925638 0.42437006134007793 0.1780002549800969
0 0.8541814583605516 0.6275322316368491 0.2512599435540633 0.18030821840251932
0 0.28771068785731363 0.9205420157801498 0.4546379146981227 0.15114859490398444
0 0.32707089837123593 0.24021784581820582 0.2714087524470707 0.17644838935304658
0 0.6850768605296207 0.15307735418398177 0.46882938947037933 0.20009543087353987
0 0.5247246922881189 0.06898346885963 0.4693006154237622 0.13796693771926
0 0.1574354993670278 0.11606671589388048 0.29517363466105584 0.18677839429596244
0 0.7449478460168324 0.49389867235903984 0.46882938947037933 0.20009543087353981
0 0.24102918313280824 0.6041476946393421 0.4754613353866953 0.21128759885831733
0 0.5015078369463397 0.7183561387843929 0.4778770072563942 0.1911024328507061