1 0.8578125 0.234375 0.2625 0.12734375
1 0.85234375 0.23125 0.25234375 0.115625
1 0.85234375 0.7234375 0.25234375 0.1078125
1 0.26015625 0.88671875 0.428125 0.07421875
1 0.1421875 0.72265625 0.25234375 0.1171875
1 0.7359375 0.88671875 0.42578125 0.07421875
1 0.596875 0.23359375 0.25 0.12265625
1 0.59453125 0.234375 0.23671875 0.11640625
1 0.25078125 0.2296875 0.4421875 0.10078125
1 0.246875 0.23046875 0.43515625 0.09296875
1 0.3796875 0.09375 0.4390625 0.07734375
1 0.73515625 0.078125 0.259375 0.1203125
1 0.24140625 0.56796875 0.43359375 0.09375
1 0.7296875 0.5609375 0.43828125 0.103125
1 0.503125 0.72734375 0.44609375 0.08125
1 0.17578125 0.3890625 0.3109375 0.1171875
1 0.50234375 0.3921875 0.29609375 0.1203125