0 0.85234375 0.23125 0.25234375 0.115625
0 0.85234375 0.7234375 0.25234375 0.1078125
0 0.26015625 0.88671875 0.428125 0.07421875
0 0.1421875 0.72265625 0.25234375 0.1171875
0 0.7359375 0.88671875 0.42578125 0.07421875
0 0.59453125 0.234375 0.23671875 0.11640625
0 0.246875 0.23046875 0.43515625 0.09296875
0 0.3796875 0.09375 0.4390625 0.07734375
0 0.73515625 0.078125 0.259375 0.1203125
0 0.24140625 0.56796875 0.43359375 0.09375
0 0.7296875 0.5609375 0.43828125 0.103125
0 0.503125 0.72734375 0.44609375 0.08125