1 0.8554228323323725 0.8079243319743462 0.2044207314429741 0.1463915791382675
1 0.8553318270707007 0.8094868319743462 0.2036471867187636 0.1331103291382675
1 0.887638694964207 0.2547993319743461 0.20314665777956833 0.12451657913826768
1 0.2725960658414853 0.05950127962473502 0.4892437814994439 0.09204854707460539
1 0.13771126981950338 0.2423392788139561 0.27542253963900676 0.13700867085843704
1 0.7835335658414853 0.06841972686149618 0.43143128149944393 0.0910394261334428
1 0.6109370849632084 0.8028747731286179 0.29086646565795854 0.1432177605500115
1 0.6085933349632084 0.8028338628201924 0.2756131919804353 0.1359274119299833
1 0.23608306745689872 0.8007166148520828 0.47216613491379744 0.12202241923358415
1 0.2318791240375179 0.7998671810047068 0.4637582480750358 0.1132786647693571
1 0.35643305353435173 0.9543513207177865 0.5027070420227876 0.091297358564427
1 0.7555607982726799 0.9565905137964223 0.29635833148532653 0.08681897240715522
1 0.23946614096148347 0.4192893368489054 0.47893228192296694 0.11481389123040682
1 0.7541983214560929 0.4378146091667444 0.44818614199455276 0.124111024753471
1 0.5370849581183867 0.24477017247999483 0.5100113078078031 0.10021560308095978
1 0.1622920107880456 0.6195563437487642 0.3245840215760912 0.13818143303330163
1 0.5143259374246352 0.6221002857105197 0.34307370776545093 0.1417876741048479