0 0.8703003753964846 0.3029633432129601 0.23614329715018095 0.1854487933640895
0 0.7406406151081778 0.7955786518937321 0.29042136137453217 0.17827264003818008
0 0.16644503505285171 0.8064392619748648 0.33289007010570343 0.19337147605027027
0 0.09331515151576655 0.612817078652137 0.1866303030315331 0.18374084269572605
0 0.5743837720510113 0.9138484885821402 0.45358310266810486 0.16299418006045202
0 0.6432708859119344 0.2400200899109132 0.27816702283992145 0.18281468936981646
0 0.3015138331075438 0.1464000959580019 0.46870349163225694 0.2131396307288153
0 0.4750575537089016 0.07199208398313714 0.4686348925821967 0.14398416796627428
0 0.8290180353915361 0.12230423655318703 0.29691702283992144 0.18303286537236185
0 0.21114446065173514 0.48102109130331955 0.4222889213034703 0.21295781739336092
0 0.6719702594993967 0.6011843092377772 0.47717108887329507 0.22573053739654264
0 0.3953491265281385 0.7098075206079117 0.47766905585660824 0.20543621873008816