1 0.13050962216145004 0.75546875 0.2610192443229001 0.1328125
1 0.13024953500644298 0.75703125 0.26049907001288597 0.12109375
1 0.13642487500164763 0.240625 0.2660261948044245 0.1125
1 0.7605050775167099 0.06953125 0.450582426947517 0.078125
1 0.8723351014626974 0.2421875 0.24901597280760157 0.12265625
1 0.2612863275167099 0.06953125 0.447457426947517 0.078125
1 0.39542063068698574 0.7546875 0.26395518019392783 0.128125
1 0.3977643806869858 0.7546875 0.2497835860381265 0.121875
1 0.7562626733006595 0.76015625 0.46201085064862324 0.10625
1 0.7609638100701348 0.759375 0.45323982264544577 0.09609375
1 0.6202006680256538 0.9015625 0.4623420872559425 0.08046875
1 0.24803929586667522 0.91796875 0.27407051988550235 0.12578125
1 0.7702662666423868 0.40546875 0.44703073295387147 0.0984375
1 0.26234467248658544 0.41171875 0.46125687418757344 0.1078125
1 0.5028993088490235 0.23671875 0.46867390787279356 0.08515625
1 0.8334133287378211 0.5921875 0.31464097280760156 0.12265625
1 0.49676276258519697 0.58828125 0.3123517698855025 0.12578125