0 0.8886151978903042 0.33959154031836236 0.22276960421939157 0.17646841645877273
0 0.8557193267145472 0.8490350068199163 0.28856134657090565 0.17091192927905433
0 0.24142586806862135 0.8820077870131027 0.40876718610347995 0.17339057402620525
0 0.14266722869815385 0.686416997104516 0.22958910835322088 0.17595899420903188
0 0.7102165634777261 0.9508498322983729 0.46021837014004524 0.09830033540325403
0 0.652414486351149 0.28296258891340154 0.2748288337461151 0.17650695781510164
0 0.28909254094204406 0.19821929197550142 0.475338255995856 0.19675960752465138
0 0.44642554383752825 0.09485035111451058 0.4772260876750565 0.1703426567388631
0 0.8194842082293864 0.1543218203021517 0.29863020678164426 0.1854110769216895
0 0.24836280293375618 0.5455630188161376 0.4550985306029619 0.19737603763227513
0 0.7491312444139195 0.6522990938758003 0.4821704528527029 0.2095507059530748
0 0.48887444871436453 0.7719222733642516 0.4858391083532208 0.18789402977439237