0 0.17554059238863537 0.6189595415204934 0.0746924651536097 0.03892984882113648
0 0.7216418099893158 0.4393621552075584 0.025709328130301044 0.021331171939110227
0 0.7718699884824366 0.41246141558768173 0.043060519237293704 0.026719008897248563
0 0.5744889799600982 0.8221998770329378 0.0386458377489479 0.03434050790866507
0 0.009882153771122528 0.5908624219391102 0.019764307542245056 0.03089717292769336
0 0.7403347902038679 0.2625277411771135 0.041170637023308566 0.017280341901054187
0 0.6416716009109739 0.2201718034206725 0.01606150961864685 0.013136669961943959
0 0.43739827396179914 0.3119905944096931 0.01924107332097762 0.014826503954332715
0 0.45244789900420807 0.1498725963868595 0.016006945916316084 0.011574169961943914
0 0.40854413158101294 0.13008933699531938 0.012881945916316084 0.011446835969555114
0 0.6512871922881189 0.10164463790735283 0.02705357332097762 0.015144838935304694