1 0.7889831474377473 0.42038400353440314 0.07507492865988183 0.038148598821136304
1 0.23468298346017397 0.5911329718625605 0.025946069892376133 0.021331171939110227
1 0.18337304053226852 0.61722062798434 0.043388281017246656 0.027500258897248563
1 0.3941373360224266 0.209394835018153 0.03902826674922295 0.03434050790866543
1 0.9612926410276066 0.4516697901119807 0.031033830231458382 0.030115922927693363
1 0.21157931555365916 0.7678718853987139 0.041352746071058544 0.017280341901054187
1 0.3089059257689069 0.8125397396570577 0.016170809553293884 0.012355419961944137
1 0.5165793387130229 0.7231601991623287 0.01862372146395259 0.014794670456235438
1 0.4972556422704608 0.8859639466908706 0.01609803494618802 0.010792919961943781
1 0.5408772096816377 0.9073097060824107 0.012973034946188022 0.010665585969555025
1 0.29634380562886176 0.9310032381741828 0.02639983416039975 0.014331755437207504