0 0.16303196882244894 0.5332651221171244 0.08016234387822055 0.05409435775648763
0 0.7364004846397798 0.42837631049476493 0.029143671939110227 0.02647396879233561
0 0.7917883215979181 0.4083227600652236 0.046649506920082115 0.035187227498762755
0 0.5042658279865276 0.7874558186353653 0.045405341901054184 0.042917840343633176
0 0.00963832581798707 0.4824882734057484 0.01927665163597414 0.03617651741285464
0 0.7940896037268713 0.256183727953048 0.04314250494291585 0.02564845318850324
0 0.7082595330803553 0.200654102217879 0.017760502965749582 0.014963258706427318
0 0.4881579387078432 0.26442111035847937 0.021012836958138336 0.018252033016686743
0 0.5406183883272824 0.10575543928215173 0.0176968359695552 0.013400758706427273
0 0.5018888107606841 0.08049981173796039 0.014571835969555025 0.013236984396167762
0 0.7441572238025459 0.08495385911528398 0.028889003954332713 0.020223968792335546