1 0.9378158173734754 0.6584970762923034 0.12436836525304926 0.10385347727182861
1 0.9195629840368278 0.5855271805943744 0.16087403192634434 0.05682451866768634
1 0.9344602368912927 0.9209016189059771 0.13107952621741462 0.10400348173605564
1 0.9205406412217361 0.8487947938248992 0.15891871755652787 0.045900655437161576
1 0.6542219007797221 0.8440628348170153 0.20297100600731782 0.057438173294069014
1 0.6567549127545869 0.6589884054338663 0.13944485534690845 0.10241370819710519
1 0.6582714120782691 0.5879355657422918 0.18808180267345415 0.05327282467404082
1 0.4060282067552231 0.6592985024323367 0.13936303934595387 0.09538245819710518
1 0.40128561541213276 0.5873553185849609 0.1857835060073178 0.05713816436561529
1 0.1347430054105419 0.5709864301939278 0.21081077800763603 0.05991829098882064
1 0.13873161875395051 0.6452597272718286 0.13552951468013572 0.10156427434972919
1 0.6589644921228125 0.916006018664391 0.14884712734722677 0.10492109943080692