1 0.09921875 0.659375 0.13828125 0.09609375
1 0.10859375 0.59140625 0.18515625 0.05078125
1 0.1109375 0.90625 0.13125 0.0953125
1 0.11640625 0.8390625 0.17109375 0.04140625
1 0.378125 0.83828125 0.190625 0.05078125
1 0.37421875 0.6640625 0.13046875 0.09375
1 0.371875 0.59765625 0.1765625 0.04765625
1 0.61015625 0.66875 0.13046875 0.0875
1 0.6140625 0.60078125 0.17421875 0.05078125
1 0.86484375 0.58984375 0.1984375 0.053125
1 0.86171875 0.659375 0.1265625 0.09296875
1 0.375 0.90625 0.1390625 0.09609375