1 0.9303340289480776 0.6475444180256538 0.13933194210384486 0.09930234496658023
1 0.9122775128191541 0.578971696028831 0.17544497436169165 0.054040437904565586
1 0.9315264832462677 0.8962001063372564 0.13650688833700997 0.09839836404130367
1 0.9180133307982817 0.8291080637235826 0.16397333840343647 0.04440633928453721
1 0.6595744005336102 0.832141155036715 0.19455267473094046 0.05413589529089187
1 0.6553298945377539 0.6570729711893393 0.1356528637299043 0.09682222727182861
1 0.6545443364322022 0.5898445608809137 0.18034462551672875 0.05076543344033872
1 0.4180482183590716 0.6659060491097909 0.13536176530148084 0.0905722272718286
1 0.41175752294996676 0.5979918461876915 0.17818281203449332 0.0546307731319132
1 0.15808671339667288 0.5906914094976466 0.20172947394515212 0.05738362621616844
1 0.16448657071643646 0.6609493624197459 0.13171022642635144 0.09597279342445261
1 0.6659014832462677 0.9008366079588143 0.14435577564056318 0.09931598173605564