1 0.7358556213293939 0.20941827058067322 0.06653771397248338 0.11890048620519007
1 0.49291913158101297 0.08724113466873891 0.10181301506094247 0.14648325361804462
1 0.3201735353097265 0.545470793759279 0.043988102176918176 0.05377345318850324
1 0.21142601788653134 0.5332341446183616 0.04112599700477517 0.038806872455808696
1 0.04102423784946442 0.5000542316826343 0.06654514845605394 0.07445112336031982
1 0.8765822811333752 0.4001174344209117 0.04634177586071573 0.076511590343633
1 0.7899577895708958 0.3126384458408724 0.04784971215838478 0.07503097749876284
1 0.9615277108076224 0.4463539473112105 0.02833582032575279 0.05217333163720568
1 0.4687598243324681 0.6897486589789985 0.027435519237293704 0.02639208163720568
1 0.11639871616510003 0.6863801560383223 0.039590778855940555 0.03950623530067894
1 0.6021675797747637 0.5540867186807938 0.03533978847458741 0.05176057383528967
1 0.6455529920258156 0.584565434759596 0.036656751814098595 0.044811210990419424
1 0.6941169775978453 0.6007359893730088 0.03344990626060209 0.042303686680159915