1 0.7685060591390092 0.13592747696487323 0.07297308126491568 0.1265649892002268
1 0.4974957382131757 0.03913377473180983 0.10827272642635144 0.07826754946361966
1 0.3498867615774273 0.48937743621285107 0.04789599855225788 0.05705109736759475
1 0.2310083289886041 0.47396574573883077 0.0447881151776464 0.040563001814098595
1 0.049991615382534216 0.4349007896557137 0.062123318444634076 0.07782738883740717
1 0.9362522930089586 0.3436977930294568 0.05058650496239849 0.08132441106992569
1 0.8355737427612897 0.2486159607228044 0.052821093051739966 0.07906250662342193
1 0.5223718453235423 0.6476834656169459 0.0293621683207995 0.02754464664195542
1 0.14159272621695446 0.6375049452833438 0.04326200248119934 0.041289688111767656
1 0.654212542594674 0.5045733279606651 0.038448223945152196 0.05516121515360961
1 0.7042510839510028 0.5372568531884085 0.0396468509096227 0.047403278855940555
1 0.757540903843379 0.5557414691603249 0.03719393899896417 0.04497768330244423