1 0.4090877177240972 0.7200173118034143 0.021450065770898162 0.020240578130301046
1 0.38116159684681905 0.5362425125290537 0.01809755261671846 0.01622520072563951
1 0.27091215451344786 0.7804240768643568 0.023293286831702974 0.011728673683797375
1 0.34514704408892616 0.6705827961943177 0.012628802616718459 0.01603422776748147
1 0.5325266757718967 0.5544418971052916 0.03914579998588259 0.01618056070710594
1 0.7186916889260764 0.5518550665279196 0.02113154735504672 0.014771828130301045
1 0.5049267785862593 0.36282731597976553 0.02402132892507769 0.024228673683797376
1 0.7435804839326358 0.2668153784161521 0.013827281570031148 0.009838791469812235
1 0.8053810758707188 0.4407960262392338 0.01497255261671846 0.01611607332097762
1 0.8079725387566672 0.7272245995602116 0.01979656050922607 0.018623514427970278
1 0.6906081314006218 0.1637647894860777 0.018605786831702886 0.01156498257680485
1 0.7065747656438413 0.12876230690927287 0.01686127630835923 0.008385418874473949
1 0.6452886551487323 0.09802322759784539 0.011991765785015573 0.005096727767481424
1 0.7853452367752333 0.04303064883457208 0.010429265785015573 0.005042164065150567
1 0.8413523130694751 0.06377716925299212 0.013645271046687312 0.00671379146981228
1 0.3744818734375269 0.2468253484639032 0.0167702710466874 0.006822918874473949
1 0.1486045150085567 0.8175743911996598 0.026972023677523316 0.007958832939624471