1 0.33972698075980917 0.3191525301886771 0.021108337452429904 0.020477319892376222
1 0.3301158533069417 0.5042895095105127 0.01782416996194396 0.016425520678164496
1 0.19527930239490826 0.2570612909420441 0.023101918973360735 0.011992731803034928
1 0.28092232513232124 0.3686580705115487 0.012355419961943958 0.016170809553293884
1 0.47994209836402585 0.4878747590962279 0.038886086463846684 0.016626727874093562
1 0.6665016808735398 0.4926650746453779 0.02088550296574958 0.015008569892376044
1 0.47143055589213045 0.6808606257216164 0.023611254942915848 0.024492731803034927
1 0.7195271576790164 0.7797498517336832 0.01366325197716627 0.009993584160399749
1 0.7647083706071472 0.6064065510717294 0.014699169961943958 0.016279971463952592
1 0.7380862263111849 0.3166526923042237 0.01948217045623544 0.01884204528527027
1 0.9793412149796594 0.668647647638126 0.027821252471457926 0.012992305624352518
1 0.6769496799221377 0.8830353635205075 0.018414418973360824 0.011774407981717161
1 0.6971321873365115 0.9190649088057776 0.016724584980972068 0.008576633374611476
1 0.6383129442565938 0.9490755864322022 0.011909750988583134 0.005233309553293708
1 0.8378646166899957 0.9856617115346461 0.013535917984777513 0.006868584160399749
1 0.3521141645990985 0.7953875444567007 0.016660917984777514 0.007014133374611475
1 0.06894229547482603 0.21842682237357552 0.026849001482874744 0.008268418320799586