1 0.65078125 0.70546875 0.01875 0.01875
1 0.6671875 0.53046875 0.01640625 0.01484375
1 0.7859375 0.7578125 0.021875 0.01015625
1 0.70859375 0.65625 0.0109375 0.01484375
1 0.52578125 0.55234375 0.0359375 0.0140625
1 0.34921875 0.55625 0.01875 0.01328125
1 0.540625 0.3703125 0.021875 0.02265625
1 0.31015625 0.2875 0.0125 0.00859375
1 0.2609375 0.45390625 0.01328125 0.01484375
1 0.27421875 0.725 0.01796875 0.01640625
1 0.0609375 0.40390625 0.02578125 0.0109375
1 0.35390625 0.18828125 0.01640625 0.01015625
1 0.33671875 0.15546875 0.015625 0.0078125
1 0.39375 0.12421875 0.0109375 0.00390625
1 0.2578125 0.07734375 0.009375 0.0046875
1 0.20625 0.0984375 0.0125 0.00546875
1 0.6578125 0.25625 0.015625 0.00625
1 0.903125 0.78828125 0.025 0.00703125