1 0.24296875 0.6011602014049607 0.05234375 0.05790669933804615
1 0.2703125 0.02430875702931333 0.084375 0.0273673287837163
1 0.4578125 0.5150729598820163 0.0421875 0.04493366439185813
1 0.45390625 0.09926602336425158 0.03125 0.048330492142117154
1 0.65 0.15214923655603668 0.01796875 0.03364940798171734
1 0.71015625 0.1783885589296122 0.01640625 0.032014133374611474
1 0.68828125 0.4453384644301302 0.01796875 0.02349315798171734
1 0.6203125 0.4695165190210254 0.02578125 0.023075781017246656
1 0.50859375 0.9494693846129565 0.0375 0.06737159057054072
1 0.63515625 0.760832877788531 0.021875 0.04086259449948208
1 0.70078125 0.6810769112869771 0.01953125 0.026690932588823203