1 0.7018674794119439 0.5911082089256767 0.05104663402808374 0.05263009631100797
1 0.6958110078045483 0.02855636570862542 0.08103423439090349 0.05711273141725084
1 0.5019071741471336 0.5016649556060271 0.04126240626060209 0.0408568041565303
1 0.5194816315810129 0.11023597970832806 0.031215283665263983 0.04392271682251274
1 0.3336606934692453 0.15271489207972294 0.01827877404661713 0.03134999394987581
1 0.2766468016366133 0.1749171450065892 0.0166344284931208 0.028997153590796198
1 0.28736601371018006 0.427147265518094 0.01717014183263199 0.02197044877033605
1 0.3513094626217209 0.45255126561628983 0.024955359981466606 0.021234650565734016
1 0.44003707968994565 0.9089734615579556 0.037311516242068875 0.061923283079291735
1 0.32769831471382116 0.7260705788480064 0.022403278855940557 0.037622719847574794
1 0.26870774983036394 0.6483046480316513 0.01959573738612832 0.024327834308955333