1 0.07111933118697986 0.8552783994796016 0.08337906603337353 0.04488313206674732
1 0.35929436058562203 0.9471537974888651 0.04456222749876275 0.047523453188503595
1 0.5019067429910533 0.6475366570543752 0.01846007293077854 0.010316702283992285
1 0.5116292237691765 0.731086141450543 0.018746677973732594 0.015785452283992106
1 0.7321940292871005 0.7677141174789677 0.0505289444820761 0.027579445386587232
1 0.864010595320474 0.7338857513547371 0.015911605042954236 0.006287621551297562
1 0.9231023123037871 0.7573509068272325 0.008344766508343326 0.010565685775648781
1 0.9069417237691766 0.7518035916983701 0.009126016508343326 0.010606629353213748
1 0.8909382654922906 0.713361889414378 0.0075225729307785375 0.009743492198083814
1 0.5460252351891374 0.6427982473980082 0.010442855042954235 0.006001016508343326
1 0.4452782847141674 0.6069658887370094 0.010483798620519024 0.006782266508343326