1 0.6384046173068401 0.1586450848220341 0.037083079122187536 0.05131187101845254
1 0.8205092556995831 0.1113697244680996 0.05619610182361114 0.03448068678935066
1 0.9318818603729859 0.15325484562772648 0.022493249050069507 0.027836573663405906
1 0.6614186643252079 0.44363473485026894 0.034048344889756874 0.021487863125944882
1 0.7198507197960413 0.3466085454300824 0.018532447663298514 0.025265310509226247
1 0.43165581630131894 0.5943304977926871 0.021384690729444423 0.013728571032569904
1 0.3829286819926384 0.5425551661661863 0.015988675911805573 0.01653505261671846
1 0.5285496533072912 0.5543586741998684 0.01916822729857657 0.019060813140062294
1 0.7374356504574996 0.46261297702834836 0.036337543502986056 0.019280621018452494
1 0.592343315635729 0.36105672425633817 0.016006859707395904 0.01731630261671846
1 0.6374155070307633 0.569863305882839 0.027743793502986235 0.018780092079257394
1 0.4746407904657633 0.6916913452042035 0.01980400693385409 0.012856315770898163
1 0.5585605423656244 0.7398565584430876 0.017442073138263937 0.0119385578783902
1 0.49876731506704797 0.761283508386618 0.007976154160312632 0.00748627630835923
1 0.43029072521128403 0.7200207425310152 0.008811955547083273 0.009875528939195277
1 0.37578440995680495 0.748941674058694 0.010392639342673603 0.010747784200867017
1 0.1812180987863883 0.6947378343985111 0.01900457313826389 0.012029563140062293
1 0.24329921827742992 0.7426146213008012 0.008793771751493118 0.009094278939195278
1 0.2819253071832632 0.759089489759005 0.010410823138263936 0.011529034200867016