1 0.6898142532321982 0.7118765006352845 0.04060827962517113 0.05540013154179633
1 0.3961254038653365 0.9731450135071154 0.06906824874635883 0.014941731513561507
1 0.7692984794130149 0.9154117533367077 0.07303433471887821 0.04402999203690498
1 0.8878485879510766 0.7402535876646315 0.0611337282923877 0.03709745257436623
1 0.9982259361964786 0.6807659246233915 0.0035481276070427727 0.030316831555913738
1 0.7135566639609734 0.3982466401401757 0.03733251543940615 0.02323237364928854
1 0.7774720629447589 0.49704118493497357 0.020281407759274117 0.026918815770898163
1 0.46314382383181874 0.26414246885349196 0.02382394490629274 0.01464632892507769
1 0.41094247783016924 0.3258759003811707 0.01768760517284953 0.018188557878390375
1 0.5688997303374517 0.29476386632147805 0.020880801332783604 0.020714318401734034
1 0.7956644703083218 0.3692046112715677 0.039608069279472066 0.02102513154179624
1 0.6389634924116455 0.4972826505929322 0.017710337226160888 0.018969807878390376
1 0.6861865187381115 0.26445546906525347 0.030233069279472245 0.02047909997176518
1 0.5092028184215424 0.15268205311082866 0.021480194906292736 0.014509821032569948
1 0.6004893964765031 0.08945474004135365 0.01909098079967002 0.012810813140062206
1 0.5350773451437196 0.07370020840073539 0.008821070533113406 0.008313028939195189
1 0.4615321965556454 0.12806846096098415 0.009670516693047304 0.010702281570031103
1 0.4013388426364372 0.10340166090451441 0.011255748746358662 0.01157453683170293
1 0.1908847274344578 0.18609087649188588 0.020676212852981424 0.013683068401734033
1 0.2580207516493527 0.1266178949783245 0.009647784639736123 0.009921031570031102
1 0.29959448620994644 0.1030670029131846 0.01127848079967011 0.012355786831702931