1 0.5921875 0.4625 0.11875 0.14921875
1 0.8421875 0.4625 0.0984375 0.15625
1 0.5984375 0.2921875 0.12578125 0.1421875
1 0.721875 0.4625 0.11875 0.14921875
1 0.12890625 0.096875 0.134375 0.11953125
1 0.26875 0.0859375 0.1296875 0.1578125
1 0.3859375 0.08671875 0.0796875 0.1515625
1 0.365625 0.24140625 0.16015625 0.1125
1 0.16015625 0.2375 0.22734375 0.1046875
1 0.1546875 0.3625 0.2296875 0.11640625
1 0.365625 0.36015625 0.17578125 0.115625
1 0.359375 0.490625 0.196875 0.0984375
1 0.14140625 0.490625 0.221875 0.109375
1 0.3546875 0.6109375 0.22734375 0.1078125
1 0.4078125 0.72578125 0.15078125 0.084375
1 0.246875 0.71953125 0.159375 0.10859375
1 0.24453125 0.7234375 0.153125 0.1046875
1 0.08203125 0.72109375 0.14921875 0.09375
1 0.0796875 0.83515625 0.14453125 0.08671875
1 0.23671875 0.946875 0.2125 0.103125
1 0.4203125 0.9453125 0.13359375 0.09375
1 0.0578125 0.94453125 0.11328125 0.11015625
1 0.23671875 0.834375 0.159375 0.09609375
1 0.40625 0.834375 0.16640625 0.0984375
1 0.12734375 0.609375 0.20625 0.1078125