1 0.42734698778706975 0.5436871392018119 0.12911869120271574 0.15523869926865147
1 0.1718782377870698 0.5392279155834313 0.10921562697836444 0.162696643262297
1 0.430268349161602 0.7185780450460105 0.13656269900463175 0.1483438169634031
1 0.29453448778706975 0.541368888391033 0.12911869120271574 0.15523869926865147
1 0.9204374050182104 0.9269510215037648 0.14392814167768578 0.12505632142762976
1 0.7787821715265536 0.9276706270269471 0.1410012155129751 0.14465874594610567
1 0.6585515586816835 0.9284081024736995 0.08927494120271576 0.14318379505260098
1 0.6704706252808837 0.7742861229664622 0.17008120590203682 0.11770747158978576
1 0.8808725367462731 0.7826419139552829 0.23764052012638787 0.11108137053412541
1 0.8798282688821777 0.6538447581110842 0.24034346223564462 0.12363591761202616
1 0.6640834271807632 0.6524111229664621 0.18586998021229634 0.1211052069792892
1 0.6633320754171693 0.5189264671222635 0.206062971505869 0.10428589975511873
1 0.8852804298106403 0.5228265831921621 0.22943914037871949 0.1156734131477993
1 0.662331740161919 0.3955844245085897 0.23780429443664755 0.11420637053412541
1 0.6015027035271876 0.2774423506453278 0.1584509871097012 0.08940519358660844
1 0.7666330585701416 0.2857884590045887 0.16831398801421252 0.1137739480508353
1 0.7680317842598822 0.282690732543539 0.161900213703953 0.11053985389503396
1 0.927719695697386 0.28715786444175023 0.14456060860522796 0.09876655681713328
1 0.9276912097183239 0.17080616151965095 0.14461758056335228 0.09163984943080714
1 0.7657788082314574 0.060979373777241073 0.22057917288534998 0.09829499837514692
1 0.5781969210763277 0.056144049103200276 0.14076884215265545 0.09456029788867956
1 0.94375 0.06569196752600534 0.1125 0.10040119480442447
1 0.7706068283578454 0.1679969870077659 0.16765889077317428 0.10127394805083538
1 0.5972102719354103 0.16575087418427817 0.17563516508343396 0.10453531574558705
1 0.8930345666549713 0.40119704504271525 0.21393086669005754 0.11461942775829588