1 0.6022844940722238 0.5216263948904454 0.12128574868713535 0.152867675729701
1 0.854628244072224 0.5172217183499654 0.10106415535486235 0.1603256197233467
1 0.6113247814289956 0.6941599139651687 0.12823518268618095 0.14595915665497755
1 0.7335344940722239 0.5193354176186167 0.12128574868713535 0.152867675729701
1 0.14017812945572167 0.8992987962671218 0.13733746268299923 0.12268529788867966
1 0.2817207394573125 0.9085492909921161 0.1323232460216353 0.16165234050235355
1 0.39968039879053974 0.9057088888013652 0.08146927068745366 0.1545159504864671
1 0.3767685154359953 0.7498270815771949 0.16303689668204474 0.11610406128136005
1 0.1697827187698589 0.757347075488115 0.2301334900143175 0.10946432345622484
1 0.16284128075267784 0.6308800328744412 0.23262269068268107 0.12200523376465036
1 0.37614980275299603 0.6295009448077197 0.17869825934913566 0.11950179667086366
1 0.3683725707351787 0.4983600389635211 0.19881076468013567 0.10266885267721797
1 0.14805098006840595 0.501424357955519 0.22471928401495384 0.11405636606989873
1 0.36148567671863396 0.3765804963498473 0.23016985268140838 0.11258932345622483
1 0.41403741736949834 0.2592333092560606 0.1533346326782267 0.08781542004765815
1 0.25161014270368015 0.26831975730689595 0.16142894334818117 0.11217053774240977
1 0.2500021893698165 0.2644407808458463 0.15514258068109027 0.10893644358660844
1 0.08596696137013467 0.26964825243563195 0.15189031134627212 0.09794439650870786
1 0.08150563335454448 0.15485904951353266 0.14633065467854492 0.09003643912238161
1 0.23806362133990877 0.04729201136408572 0.21362724267981753 0.09458402272817144
1 0.42320169000636343 0.04377263494439883 0.1354658800127268 0.08754526988879766
1 0.05762214334022695 0.05078125 0.1152442866804539 0.1015625
1 0.24009938335454448 0.15209078531007317 0.1612925833465903 0.10045178774240986
1 0.41120222402131723 0.1498855827950109 0.16913235534690846 0.10293190543716157
1 0.1325976080521794 0.3821385698060721 0.20908519334818113 0.11300238068039521