1 0.11442114283598848 0.7555244412164821 0.22884228567197695 0.1462051324329643
1 0.11439614434851952 0.7578681912164822 0.22879228869703905 0.13370513243296428
1 0.11592446096878026 0.22818069121648216 0.23184892193756051 0.1251113824329643
1 0.7325306988685318 0.07829732121516961 0.4598386083130606 0.09840559688115111
1 0.858065988292535 0.2600168479069153 0.271044273905909 0.13679564034162972
1 0.22575397892276117 0.05841863095008957 0.45150795784552233 0.09808726190017913
1 0.36672583246224366 0.765902161596168 0.2687323401626879 0.14216888984733825
1 0.3690695824622437 0.7659976620904596 0.25463347872636943 0.1353458868815885
1 0.7385735613850049 0.7857424066904332 0.47485052995603355 0.12791668334499792
1 0.7424843565645446 0.7851203241809191 0.4669880329810955 0.11900459836402603
1 0.5986656579906005 0.9253885440291324 0.4715755390312196 0.10200809935260899
1 0.2180969140407246 0.927073130455798 0.2788749546240684 0.1402389753226018
1 0.7500666150505557 0.4220619086675995 0.4654346233401753 0.12050343136783148
1 0.2316161117063571 0.4094863824329643 0.4632322234127142 0.1306596813678315
1 0.4705978045493137 0.23875868285070623 0.47863406010845855 0.10698210083548379
1 0.8200422508837628 0.6171462569944444 0.33432552390590936 0.13937415368750267
1 0.469279181601922 0.5997280163488033 0.3179419998036083 0.14261190022746142