1 0.8754782856133743 0.7621059892744937 0.24904342877325156 0.13272263817089822
1 0.8755032841008431 0.7644497392744937 0.24899343179831385 0.12022263817089822
1 0.8740351911094848 0.2558559892744937 0.2519296177810304 0.11241013817089804
1 0.26460337636523723 0.09143247931554462 0.4441954275949012 0.07914416197861143
1 0.14371013514583597 0.26089152732375476 0.2616420028286704 0.12261183996629618
1 0.7575721263652373 0.08856447102592521 0.4410704275949012 0.0791259812604522
1 0.6177446163080923 0.76361953406125 0.2593300690854491 0.12806695442767654
1 0.6153963211285525 0.7628519195998695 0.24601245764913066 0.1217396863754999
1 0.2583923422057913 0.7696165666495622 0.4591982588787946 0.10657427038986782
1 0.25448154702625153 0.7688580425472612 0.4513357619038566 0.09793506859446985
1 0.39358092934341715 0.908678545768715 0.4559323583130605 0.08233733967170878
1 0.7616451281137532 0.9229440162054651 0.26947268354682963 0.12578229176169414
1 0.24698564695149677 0.42045235880403986 0.44978235226293634 0.09948847823538998
1 0.7532765535673551 0.4245383324622437 0.4545243944174139 0.1088907493126289
1 0.5171203640685971 0.25403143150372615 0.46220508421075956 0.08627995110802704
1 0.18008955932289167 0.6052227894240032 0.32336075282867033 0.12297090914994122
1 0.5183526286047324 0.600129726683266 0.30697268354682966 0.12600046037960516