30 0.22734375 0.17890625 0.06640625 0.1890625
30 0.396875 0.5546875 0.07734375 0.22421875
25 0.29921875 0.178125 0.0625 0.18046875
25 0.490625 0.55625 0.078125 0.225
5 0.4375 0.18515625 0.05859375 0.1828125
5 0.6 0.56328125 0.08125 0.22734375
4 0.51015625 0.19609375 0.0515625 0.17265625
4 0.6890625 0.571875 0.0703125 0.22734375
35 0.3640625 0.79609375 0.07578125 0.22109375
35 0.590625 0.1875 0.06171875 0.175
0 0.47890625 0.80078125 0.075 0.21875
0 0.74453125 0.81796875 0.0703125 0.215625
0 0.72890625 0.196875 0.05390625 0.1671875
0 0.9359375 0.20859375 0.0453125 0.15390625
6 0.803125 0.19921875 0.05625 0.165625
6 0.565625 0.7984375 0.06875 0.21015625
9 0.8671875 0.20390625 0.05234375 0.17265625
9 0.6546875 0.81015625 0.0671875 0.2109375