22 0.19765625 0.33125 0.059375 0.07578125
25 0.25 0.33125 0.040625 0.07109375
22 0.1953125 0.56015625 0.04453125 0.07890625
25 0.2484375 0.5578125 0.0484375 0.0703125
0 0.19609375 0.66875 0.03984375 0.07421875
9 0.25 0.6734375 0.0421875 0.07421875
0 0.1953125 0.44453125 0.0453125 0.08046875
0 0.7890625 0.39296875 0.0734375 0.128125
0 0.790625 0.61640625 0.06875 0.1328125
12 0.37734375 0.38984375 0.06796875 0.12734375
12 0.37578125 0.61953125 0.07421875 0.13671875
34 0.46171875 0.3890625 0.0734375 0.13828125
34 0.4625 0.61484375 0.065625 0.12578125
2 0.628125 0.39140625 0.0765625 0.1203125
2 0.71171875 0.3953125 0.07734375 0.11953125
2 0.709375 0.61953125 0.06953125 0.1234375
2 0.62734375 0.6203125 0.07421875 0.12109375
8 0.86796875 0.39296875 0.075 0.121875
8 0.87109375 0.61953125 0.06875 0.1234375
9 0.24765625 0.446875 0.046875 0.0765625