20 0.814413387043588 0.6195906596343453 0.07970518939369313 0.10727927586071573
21 0.7410987177762827 0.6198114036438955 0.08492827792830404 0.10278274881887377
6 0.6075049677762827 0.6244766001931837 0.0746491971956095 0.10008433475372307
5 0.5364931049314124 0.6253967486492377 0.07547139077317447 0.10089286660488846
15 0.42477435493141247 0.6292980533658937 0.07929575361804471 0.09946677586071573
8 0.30507933062115294 0.6365971765942042 0.07284103573022023 0.0953422710513923
0 0.23094246777628272 0.63762645245492 0.07144231004047974 0.09841270734906135
0 0.1543799677762827 0.6403000738691318 0.06889384215265534 0.09442461179556502
1 0.0964446370435881 0.6446626808553735 0.048376624264830956 0.08980903366526398
20 0.6843661974227521 0.3036258976534457 0.0801179471956095 0.10027530771188112
21 0.612532141000317 0.3053545779606651 0.07617075361804453 0.09935764845605392
15 0.6763346121675017 0.42711796135577657 0.07399077792830404 0.10240080290255768
6 0.3959621166900575 0.31603665073348863 0.07382700361804462 0.09927580290255769
5 0.3249502538451873 0.3169567991895426 0.07378606004047975 0.09849455290255768
8 0.5122311685899368 0.4336284001005165 0.07345851141996071 0.09224455290255769
0 0.4379305314348071 0.4377826759612321 0.0707429471956095 0.09994792549789597
0 0.36531522501237196 0.4395386381196169 0.07456731004047974 0.09852183475372307
1 0.3005124185899368 0.44102178176634743 0.04796386646291486 0.0968130018140986