20 0.159375 0.3453125 0.05 0.08203125
21 0.2203125 0.34609375 0.05390625 0.08046875
5 0.36015625 0.34453125 0.04921875 0.0796875
8 0.42265625 0.34453125 0.0515625 0.075
10 0.49921875 0.34609375 0.04609375 0.07890625
10 0.5625 0.34609375 0.05546875 0.0859375
2 0.671875 0.34296875 0.05234375 0.08125
8 0.7375 0.34296875 0.0484375 0.0796875
3 0.7984375 0.33984375 0.04921875 0.07578125
3 0.86328125 0.34453125 0.05 0.0828125
3 0.7234375 0.6390625 0.0671875 0.103125
3 0.6484375 0.6453125 0.06953125 0.1015625
8 0.56484375 0.640625 0.065625 0.1
8 0.65234375 0.5265625 0.06875 0.10390625
2 0.48515625 0.640625 0.06328125 0.1046875
10 0.390625 0.64296875 0.06640625 0.09765625
10 0.315625 0.6421875 0.0625 0.10078125
20 0.3421875 0.52890625 0.065625 0.103125
21 0.42109375 0.52734375 0.06640625 0.1015625
5 0.571875 0.5265625 0.06484375 0.10625