30 0.22977698369633912 0.8119257025480076 0.06830106898725319 0.19414393083635878
30 0.3994339360809124 0.4236723329666246 0.07944764724608433 0.2305270998097196
25 0.3024423240554187 0.8105276872249684 0.06434482201231528 0.18539101334587293
25 0.4939560957218328 0.4182579796968639 0.08101469242562409 0.23137201680591382
5 0.44224062226002064 0.7970169910655704 0.059675502730474506 0.18832501235728963
5 0.6048481439264346 0.40592512296706207 0.08337207796424373 0.23381126730020546
4 0.5156190349260031 0.7838683922444339 0.05336187021691714 0.17713284437251212
4 0.6954276921310366 0.39441993718778734 0.0724391231437835 0.23414684832684482
35 0.3644129997054124 0.17972867338480397 0.0778669665279251 0.22733843281352514
35 0.5969144867214012 0.7883702084423256 0.06353175575553678 0.17989042984777565
0 0.48079197862817347 0.17029798216832182 0.07707208098930565 0.224962849315428
0 0.7494419846782978 0.14215975882288648 0.07236640027114642 0.22164684832684478
0 0.7367036945669235 0.7732970122829276 0.055678349139678396 0.17254084486680377
0 0.9467917668738263 0.7530150512947819 0.047002785907961454 0.1581281763877346
6 0.8116900590283042 0.7678972464655968 0.058013008780598695 0.17107384536109524
6 0.569086864166793 0.16904454688333867 0.07155333401436792 0.21614626482874763
9 0.8772877879510652 0.7605357326254324 0.0541476653964569 0.1779459278706094
9 0.6588624364736958 0.15366494460216118 0.06921412919390768 0.21683201433445606