20 0.1625 0.6613473823957833 0.05234375 0.08807034437251211
21 0.2265625 0.6579557855518132 0.05625 0.08666701186299815
5 0.37265625 0.6535654214076377 0.0515625 0.08569476087441501
8 0.43828125 0.6508914075674732 0.05390625 0.0803215113687065
10 0.51796875 0.6460818907615592 0.0484375 0.08478617688202608
10 0.584375 0.6433760434232976 0.0578125 0.09219942885919252
2 0.6984375 0.642634602701107 0.0546875 0.08738459486680376
8 0.7671875 0.6390520048685537 0.05078125 0.08566292737631773
3 0.83125 0.6395666580245838 0.0515625 0.08178851087441501
3 0.8984375 0.6321414771882249 0.05234375 0.08885159437251211
3 0.753125 0.3302500078343033 0.0703125 0.11145876482874764
3 0.67421875 0.32721519114212005 0.07265625 0.1092105153230392
8 0.58671875 0.33468679292900594 0.06875 0.10748884783255316
8 0.67890625 0.45124294015353694 0.071875 0.1115224318249421
2 0.503125 0.33809297722540593 0.06640625 0.11286209733826161
10 0.4046875 0.33976024798565263 0.06875 0.10514509783255326
10 0.32578125 0.3445379312934694 0.065625 0.10814276384016441
20 0.353125 0.4621737588600675 0.06875 0.11061384783255317
21 0.4359375 0.4595806580617648 0.06953125 0.10908318133065045
5 0.59375 0.45393154144613124 0.06796875 0.11370701433445607