20 0.831738417734148 0.62109375 0.07820278893302372 0.14765625
20 0.8302066922292326 0.3578125 0.08672836123992696 0.1359375
20 0.42547023701598874 0.61796875 0.0828902889330239 0.14765625
20 0.4263004422292324 0.3578125 0.07262949980360833 0.1296875
10 0.7481173966569091 0.61640625 0.07261586426498887 0.12734375
10 0.7465947615110732 0.3546875 0.0663749546240684 0.12890625
0 0.6653048966569092 0.61640625 0.06637040944452863 0.128125
0 0.6630237374087722 0.35859375 0.06556188836728971 0.1234375
2 0.5856037611182898 0.6140625 0.07265222570130732 0.13359375
2 0.5825368066906129 0.35546875 0.07969256606038684 0.13515625
22 0.5013004422292324 0.3578125 0.0702993853422278 0.13203125
22 0.5059162611182898 0.6140625 0.06954086123992678 0.1359375
6 0.34033112597245385 0.35234375 0.07108518052176756 0.1328125
6 0.3418583062978296 0.61484375 0.06641131606038693 0.13515625
6 0.18092080629782958 0.61484375 0.0773306353422277 0.13203125
6 0.17859874043383436 0.35 0.07575449980360824 0.1296875
5 0.260639080792914 0.3515625 0.07032665641946653 0.13671875
5 0.2645327370159888 0.61796875 0.0695090449831481 0.13046875
4 0.09889410147736939 0.615625 0.08124597570130732 0.13359375
4 0.09814817115199362 0.353125 0.07030847570130731 0.13359375