27 0.7460326665094095 0.36021768144544364 0.060593967514930645 0.08764240399835047
19 0.6772644827138191 0.3589985107540457 0.057523518901701466 0.0898952257851052
3 0.6108946003049998 0.3555037862225817 0.06291953371934031 0.08692935015828454
6 0.5437071003049997 0.3535488296378064 0.05665134992375016 0.08596624373179385
28 0.4578059678961803 0.349485803773559 0.05439851890170146 0.08980429757185977
25 0.3991576665094095 0.3501246497752084 0.059213305470833436 0.09540943989172793
7 0.31332926928295113 0.3429366239109609 0.05848660685760425 0.09773045783841657
6 0.24447016650940942 0.345623703219563 0.05983090131052089 0.0884009219450392
3 0.19060028410059 0.34249269154108053 0.04967465131052089 0.0881054052519918
6 0.12263153410059 0.34051500290299386 0.05497974715020839 0.08123327962517113
27 0.5713015041809718 0.5451058438235714 0.09389742999586818 0.10969090023742681
19 0.4815486731589232 0.5385854076927672 0.075983231382639 0.11151181301126609
3 0.3573117393633329 0.5357522612162641 0.06706217306201401 0.09719926042484132
6 0.2682492393633329 0.5331608071387712 0.06546330547083343 0.09559129631821861
28 0.6308920968865273 0.6719244080884786 0.05445307028847228 0.09214804757185995
25 0.5659574279085758 0.6739438976636374 0.04945644576343753 0.07873040525199179
7 0.4896858686380202 0.659216156439126 0.06568151101791671 0.1049662963182186
6 0.4037483686380202 0.6567156305748785 0.07298551795177097 0.11688963479802066
3 0.3217353024336106 0.6535475149771879 0.07036901101791679 0.10510268863808676
6 0.2358159862292008 0.6502657391129404 0.07049629758704867 0.11057143863808676