29 0.4283131489172787 0.5870887534972221 0.0918622057268454 0.23393860129259422
23 0.522154077130524 0.5940337732688856 0.08958665188677947 0.23618685079830276
23 0.29852138268644957 0.256405144790254 0.07018578252816506 0.1862359303420673
29 0.22731397241989287 0.24960204646340917 0.05525110431491971 0.18250609387822053
10 0.38472959962955916 0.8592064926228072 0.05947560306127837 0.1936027613687063
35 0.4512949740027386 0.867381089961069 0.06662887351524951 0.17126484634967837
1 0.5325533341901529 0.8441611072612745 0.06105247492717538 0.22097834486680376
1 0.6205617995504168 0.8383832925462575 0.05652409930035489 0.22625609387822046
1 0.7999247583132703 0.27137350056865367 0.04819712226160835 0.18143834239534576
1 0.7359986506331383 0.2734506537246836 0.050381747888429015 0.17606509288963731
6 0.4795895262599589 0.2575405163488035 0.06024248119538154 0.16632267836490086
6 0.727622827130524 0.6024059832684481 0.09340197367353405 0.23322101828878877
7 0.6307705591838353 0.599239879504396 0.09362929420664763 0.24103351828878877
7 0.9420667942066476 0.27560469722234326 0.0637539261016741 0.17973126235728962
7 0.4100582762599589 0.254707335018153 0.06819137351524951 0.17132851334587285
35 0.6228083288463836 0.27195979650059027 0.06683346199505173 0.17829609634967847
10 0.5531861506331384 0.2660016151699398 0.06678799788842901 0.17673359634967847
9 0.7136896739235963 0.8476402288198239 0.09322011724704335 0.2269710182887888
7 0.8057635136570396 0.8474903315952929 0.09335650956691133 0.23165851828878878
9 0.8710639724198931 0.27583284889549853 0.06768290815498545 0.18067167984777566