20 0.34765625 0.8581720762313847 0.11015625 0.2054092410143255
10 0.48203125 0.849573347830931 0.11875 0.1932093413771451
4 0.66953125 0.8406819535512282 0.11796875 0.1963070595259797
1 0.8 0.8447196344066018 0.10078125 0.1878943588003402
1 0.92421875 0.6052255700712987 0.0765625 0.1698611214142119
1 0.60546875 0.6124503153467934 0.059375 0.17941717068857238
1 0.5078125 0.26429804674247187 0.03828125 0.11227431070710595
14 0.32734375 0.6268501543616857 0.09453125 0.17205110399101678
14 0.58828125 0.2630505160724328 0.07265625 0.12284971215838478
22 0.66796875 0.25558026725355915 0.078125 0.11835318511654283
23 0.43515625 0.6183977589008567 0.09375 0.1556175721398514
4 0.4234375 0.26802573666833807 0.06328125 0.11861607994439964
10 0.29765625 0.27007436470597196 0.0640625 0.11786211179556512
20 0.2078125 0.2786805275899962 0.06796875 0.1289360210513922
7 0.778125 0.2532960262392338 0.0671875 0.13359623920022673
9 0.86640625 0.24083817705754046 0.06953125 0.11570933475372307
6 0.94140625 0.24681286934565935 0.07421875 0.12602927586071563
0 0.71015625 0.612700797290626 0.10546875 0.16462054990733285
5 0.81875 0.6112523699786315 0.10546875 0.15758929990733286