20 0.19640502204008908 0.2863248360224266 0.0699681493475448 0.10788958271265772
10 0.27535672537395267 0.2865559683635808 0.06598917401336309 0.10145764619489306
0 0.37062377204008906 0.2782104673301235 0.06521701468013567 0.10220250889134012
4 0.44564195337363444 0.27627978618904236 0.06834201468013568 0.10234805810555185
19 0.5424896813733163 0.2694240105484792 0.06378178401495375 0.11306723428423435
26 0.61284763470718 0.27005540322871563 0.06443576468013568 0.10216612158778719
5 0.696405022040089 0.26303696174855223 0.06528974001431749 0.10845250889134021
6 0.7761197940404072 0.2616692067861536 0.06277326734563574 0.09349959698068133
5 0.8432527500397707 0.2538523986806016 0.05741360534690827 0.1026198858558109
7 0.9136197940404072 0.25526504136083805 0.06213746801399935 0.1059632096771285
20 0.39026575206872416 0.48834744665195906 0.08763745468649908 0.1500963533908221
10 0.49260041140195143 0.48279945988652545 0.08518461668522655 0.1406121914801634
0 0.6270026834022696 0.4788845936754217 0.08599313868554467 0.14299232878371626
4 0.7332345020687241 0.4723734203922234 0.0913800726845901 0.13621578990858688
19 0.3391316080919503 0.6619155332935582 0.059802808680772125 0.1066352977664696
26 0.4125963800922685 0.660838876759583 0.06994996801399936 0.10632708271265763
5 0.4943912727561777 0.6367057098865254 0.09545904535327185 0.15124147642635144
6 0.5936100227561777 0.6320845223353034 0.08995393268618095 0.14786176530148082
5 0.6936282040897231 0.6289894474805287 0.09391472668681722 0.15273120181924557
7 0.7865787727561777 0.6230968583577301 0.08921813602004462 0.151731627997928