20 0.1515625 0.64921875 0.07421875 0.1046875
21 0.225 0.646875 0.0796875 0.1
6 0.35859375 0.646875 0.06953125 0.09765625
5 0.4296875 0.6453125 0.0703125 0.0984375
15 0.54140625 0.6453125 0.07421875 0.096875
8 0.6609375 0.6484375 0.06796875 0.09296875
0 0.73515625 0.646875 0.06640625 0.09609375
0 0.81171875 0.646875 0.0640625 0.0921875
1 0.86953125 0.64921875 0.04375 0.08828125
20 0.2984375 0.328125 0.075 0.09765625
21 0.3703125 0.32734375 0.07109375 0.096875
15 0.3 0.4515625 0.06875 0.1
6 0.58671875 0.33046875 0.06875 0.096875
5 0.6578125 0.32890625 0.06875 0.09609375
8 0.4640625 0.45234375 0.06875 0.08984375
0 0.53828125 0.45390625 0.065625 0.09765625
0 0.6109375 0.453125 0.06953125 0.09609375
1 0.67578125 0.45234375 0.04296875 0.0953125