20 0.15818858690906304 0.6472473734498141 0.08403277393569457 0.1568728922659517
20 0.1526055084524656 0.3737734861462611 0.09313501700184039 0.14559078990858687
20 0.579990851726702 0.6244732295312325 0.08872027393569457 0.15709121608726928
20 0.5721367584524656 0.35423350413833843 0.07734636284152785 0.13783179383752825
10 0.24478005033993105 0.637739632755439 0.07807306145475704 0.1355244311410811
10 0.2384520894745142 0.36586463275543896 0.07187761284152785 0.13757708271265773
0 0.3315169841355214 0.6344818920610639 0.07184124525034737 0.13601458271265762
0 0.32527994224805584 0.3665131420610639 0.07016964247680572 0.13125430810555186
2 0.4142749327487506 0.6282810878844535 0.07823671561506948 0.14255568114108108
2 0.4095822070656948 0.35945831327734756 0.08528614941065982 0.14366441687305756
22 0.4940117584524656 0.35787223449363126 0.075075348023889 0.14084763192686944
22 0.49706924895316024 0.623642783707843 0.07438501700184048 0.1447174946233165
6 0.6610719718833337 0.3446166015333046 0.075856598023889 0.14088401923042237
6 0.6674181165443408 0.6172728515333045 0.07124183320625015 0.14379069540910477
6 0.8346056165443407 0.6094859685729779 0.08208841422829849 0.14039386765884565
6 0.8289679867009726 0.33366833126942486 0.08048954663711819 0.13875859305173988
5 0.7438662880877434 0.3399782973566941 0.07596570079743081 0.14557151923042239
5 0.7479414179311117 0.6158687092673529 0.07423954663711818 0.1384674946233165
4 0.919780050339931 0.6063010024857085 0.08681228181947916 0.14217469148016343
4 0.9126526556789238 0.3336811397892615 0.07511171561506949 0.14241013192686952