30 0.8168007081516695 0.8298991078930958 0.0756250264936881 0.19767497867599956
30 0.6265700007177901 0.44054734858373107 0.08862602349846291 0.23453008867759043
25 0.742609240002835 0.8315439712365045 0.07139139427970279 0.18825452534213588
25 0.5296404370154594 0.4401120912635486 0.08940727349846292 0.2345391793443632
5 0.5985864214911807 0.8254041539226854 0.06681302168436432 0.1913249813414996
5 0.41608636850380504 0.43361773794559344 0.09264140090312481 0.2377005420114539
4 0.5224505074260302 0.8161296985996394 0.059399825768048406 0.1803056653405452
4 0.32281751814098536 0.4261057772915473 0.08092265090312463 0.23756418200986323
35 0.6521602446425223 0.18858485924573132 0.08692711424263563 0.23060565734404498
35 0.43991082593768444 0.824905809277548 0.07041917132154474 0.1827766846753633
0 0.5332465535355299 0.1852791405951851 0.08606401868913949 0.2282528166772722
0 0.25686510280989044 0.17130064596595612 0.08048614128447777 0.22506418200986317
0 0.2958334437236993 0.8172034919637289 0.062333852809890455 0.17487327800763594
0 0.07979921595621789 0.8079937659930003 0.05246777948891272 0.16070169000636342
6 0.21840784817020303 0.8157597179742286 0.0646230391075596 0.17333805000795408
6 0.44270339908902623 0.18867740794082088 0.0795139183263199 0.21958634134309046
9 0.15183790706321046 0.8118449246499099 0.06018107576804841 0.1803147560073178
9 0.3501066713215447 0.17803135662000213 0.07719745017748529 0.2203403193427723