20 0.19296875 0.39140625 0.07421875 0.10234375
21 0.271875 0.396875 0.0671875 0.0875
21 0.4515625 0.58359375 0.0734375 0.1
1 0.35390625 0.38984375 0.071875 0.103125
1 0.5453125 0.58125 0.06953125 0.0953125
8 0.425 0.39375 0.059375 0.090625
8 0.6203125 0.58125 0.0546875 0.1015625
8 0.65546875 0.6984375 0.06484375 0.08828125
7 0.66015625 0.38984375 0.06015625 0.09140625
2 0.73359375 0.39296875 0.0609375 0.0921875
8 0.8046875 0.39296875 0.0578125 0.09921875
28 0.5109375 0.39296875 0.06171875 0.0890625
28 0.34453125 0.69609375 0.0703125 0.0953125
2 0.59453125 0.3921875 0.05859375 0.0859375
2 0.4375 0.70078125 0.0609375 0.09921875
7 0.5046875 0.6953125 0.0546875 0.10078125
2 0.58046875 0.69609375 0.06328125 0.0984375
20 0.36875 0.5796875 0.07578125 0.10859375