24 0.09425344503479426 0.3185210217116217 0.08972889988706052 0.1226070541766104
13 0.1782945160673642 0.3012843258882322 0.08535221302712274 0.14110234305173996
0 0.31650714760916043 0.2685532167064418 0.08627767619541978 0.13023761765884584
24 0.3062620794191879 0.5117039032242064 0.11602536035393447 0.18616228597964532
2 0.3903919686417304 0.2508434859368641 0.08789338410204497 0.11784677956950454
10 0.46593029493597216 0.23164402977439238 0.0748396472562245 0.12113444540910479
26 0.5349456054451985 0.21684097518349715 0.08099864199455276 0.11986304383752824
6 0.645632476463651 0.18596131037735425 0.07254139988706054 0.12180653349844599
1 0.707161510664518 0.1786432700544827 0.06243835779368574 0.10886988585581085
8 0.7652393211737444 0.16333079321384647 0.060784852532014 0.107234611248705
2 0.8232716290521346 0.1487995663732103 0.07190436305535783 0.11086903349844598
13 0.40983440045175784 0.49537688998964013 0.121812628769786 0.19188574710451575
0 0.5645288767036474 0.4352121395753553 0.1096465577372161 0.17028257485477488
2 0.6598714687829048 0.4122348660017067 0.11212681562972371 0.17273548676543377
10 0.2587522296591843 0.7625193864749834 0.10272099452656666 0.22527828990858687
26 0.37135791644853494 0.7121448589723934 0.1296552208490433 0.2195205955329392
6 0.4699998137753467 0.6728704973094036 0.1031459287556686 0.20581981451569256
1 0.5726389663638304 0.6322155721641785 0.08560211298477043 0.18552443114108108
8 0.6694453479056266 0.597555935894083 0.10381378669052861 0.16377786372990427
2 0.7605099636624072 0.5673290884991168 0.11092063140062187 0.1921575748547749
10 0.964286682021789 0.5118004882086666 0.01991765785015538 0.047675520678164315
24 0.970270642488663 0.4494096501193253 0.01509364995764777 0.04511344685684691