3 0.7359673139972086 0.4013487608304855 0.012121541723113971 0.03773638934267361
0 0.7430395075747736 0.40196635667017305 0.009573073835289669 0.03377558795590278
9 0.7499888704196438 0.4002402025098605 0.008873710990419425 0.03531990416031246
5 0.7569791768420788 0.399295298349548 0.01117651741285446 0.03459320554708336
1 0.6788873971047524 0.252494339952673 0.005506371551297562 0.015734102773541637
1 0.6749402035271876 0.25180400893062443 0.003162621551297562 0.015679551386770817
14 0.6835748971047524 0.2523852371791314 0.006246677973732772 0.014971036569131967
0 0.6898658406823174 0.2530210168144092 0.005956750904511132 0.024327852773541637
2 0.6969789778374471 0.25441986265409666 0.007437363749381376 0.022801720364722212
1 0.7025296149925768 0.25585507608496466 0.006615170171816587 0.022002286569131967
2 0.7079164778374472 0.2541652895158327 0.007355476594251798 0.02123922036472221
3 0.7141664778374471 0.25401981915111055 0.007355476594251798 0.02123922036472221
5 0.7219789778374471 0.25383798119520773 0.005874863749381376 0.022765352773541636
10 0.7289283406823174 0.25211182703489526 0.00871325870642714 0.017369337955902786