0 0.5028745511732772 0.3736324766312392 0.009248514427970278 0.01915026033908216
7 0.511522864875608 0.37559523697032143 0.00841270072563951 0.017551373035529318
13 0.5186086785779389 0.37748522270229784 0.006904764427970278 0.019041098428423452
1 0.5250223696849314 0.38246382113072125 0.006396332939624471 0.02681721112487052
7 0.5321081833872622 0.3843538068626976 0.010329864790789855 0.02778039764263518
4 0.5415377470895931 0.38635295450533275 0.011111114790789856 0.02781678494618802
2 0.5525570926430895 0.3892061267550737 0.011865082939624471 0.027071922249741042
8 0.5619866563454202 0.3912052743977089 0.010275301088459088 0.026217897642635178
9 0.5706622518989166 0.39394928473679103 0.008712801088459088 0.026145123035529315
17 0.5768849700477511 0.3934591331652145 0.006041668874473949 0.016660961124870522
0 0.3973314232204612 0.5676114549196175 0.0044246051721431815 0.015025686517764569
7 0.4019916413692958 0.567048528740935 0.004397323320977619 0.01424443651776457
13 0.40584332766696496 0.5656679652586997 0.0044246051721431815 0.015025686517764569
1 0.4098587050716267 0.5689749017764644 0.003080359981466607 0.021202911910658883
7 0.41295642322046133 0.5683392009906761 0.00464285998146643 0.02127568651776457
4 0.4183706095181304 0.5670314121155465 0.006178078130301046 0.02056721112487061
2 0.42462060951813035 0.56732251054397 0.007041173683797553 0.022947348428423452
8 0.4315972958157996 0.5660874962759463 0.005396828130301045 0.02053082382131759
9 0.43703876396463415 0.5655609574008169 0.007041173683797375 0.022947348428423452
17 0.4431250728576416 0.5611645558292403 0.006822918874473949 0.016697348428423454