0 0.5192276407542687 0.6721305433049938 0.008811926002545434 0.01920037935321357
7 0.5106066187539505 0.6693364139517801 0.008012494668999892 0.017596935775648782
13 0.5035662780871778 0.6681866717536963 0.0064681760025454334 0.019077548620519025
1 0.49725264341976877 0.6623903731331773 0.005777832670272431 0.026849105042954236
7 0.490212302752996 0.6612406309350933 0.00969317333704538 0.027835072930778536
4 0.48081003075267786 0.6584055580043149 0.01047442333704538 0.027876016508343326
2 0.4698543494191324 0.6562698479184066 0.01124658267027261 0.027135710085908114
8 0.4604520774188143 0.653434774987628 0.009674992003499838 0.02627257293077854
9 0.45183105541849605 0.6506406456344144 0.008121582670272609 0.02697193577564878
17 0.44481798675204154 0.6518346534363305 0.005668744668999892 0.017474105042954234
0 0.630172589393679 0.4772861120519007 0.004078972668681758 0.015048467887824301
7 0.6254941800604518 0.4778217005865114 0.004069882001908986 0.014267217887824302
13 0.6208248613939972 0.47913853912112214 0.004078972668681758 0.015048467887824301
1 0.6176634987269063 0.47584976481086266 0.0025891980028635688 0.021216580732694723
7 0.614547589393679 0.47646724050060324 0.004151698002863568 0.0212984678878243
4 0.6083157707272245 0.4777021918800843 0.005705107336090798 0.020599105042954237
2 0.6020657707272246 0.47737464325956525 0.006513629336408933 0.022983798620519025
8 0.59583395206077 0.47860959463904623 0.005705107336090798 0.020599105042954237
9 0.5895930427275426 0.4790632960185272 0.006513629336408933 0.022983798620519025
17 0.583397586728179 0.4834232473980082 0.006440904002227121 0.016733798620519026