1 0.7711258760890389 0.3438030712580292 0.004057014185764984 0.032122178213245436
1 0.7749866619824164 0.34547923152458593 0.005505853919208192 0.028261392319867972
5 0.7804554119824163 0.3456383558977653 0.007849603919208192 0.028329588479802048
5 0.787463929929105 0.34662419437756736 0.00943483597251955 0.029156302586424765
1 0.5770803593959916 0.34832177203681675 0.004338159012915455 0.014957410266556703
2 0.580228091449303 0.3476314502500621 0.0035114449062927378 0.013372178213245434
0 0.5841570735026143 0.34696386051661887 0.0043154269596040965 0.014176160266556704
1 0.5872366093959915 0.3486172887298642 0.00362510517284953 0.017278428213245343
8 0.5903616093959917 0.34870821694310955 0.004451819279472247 0.018863660266556705
9 0.5942678593959916 0.34882187720966623 0.005142141066226813 0.01576139231986806
2 0.5989780914493029 0.3481770195295343 0.005991587226160888 0.01812787437317933
0 0.603665591449303 0.34831341184940234 0.005164873119538171 0.016542642319867972
6 0.6083530914493029 0.3484498041692704 0.005991587226160888 0.01812787437317942
14 0.6138445735026143 0.3478276785424498 0.005991587226160888 0.01812787437317933