1 0.4375 0.75546875 0.0046875 0.01484375
5 0.44296875 0.75546875 0.00546875 0.01328125
11 0.44921875 0.75625 0.00546875 0.0125
1 0.459375 0.75703125 0.0046875 0.01484375
5 0.4640625 0.75703125 0.0046875 0.0109375
5 0.4703125 0.7578125 0.0046875 0.0109375
6 0.4765625 0.7578125 0.00625 0.0125
6 0.484375 0.7578125 0.00625 0.01640625
1 0.82890625 0.80703125 0.0046875 0.01484375
0 0.83515625 0.8078125 0.00390625 0.0109375
11 0.840625 0.80859375 0.00625 0.0109375
1 0.8484375 0.80625 0.00390625 0.01953125
4 0.85546875 0.80625 0.00703125 0.01640625
9 0.865625 0.80703125 0.00703125 0.0171875
3 0.87421875 0.8078125 0.00625 0.01875
0 0.88359375 0.8078125 0.00859375 0.01875