20 0.16171875 0.2359375 0.08828125 0.24140625
21 0.24765625 0.24140625 0.0828125 0.24140625
0 0.33125 0.24140625 0.08359375 0.23125
7 0.41171875 0.24296875 0.075 0.23125
10 0.49765625 0.24609375 0.075 0.23515625
17 0.57890625 0.246875 0.0796875 0.2453125
9 0.66484375 0.2390625 0.075 0.22109375
9 0.74765625 0.24453125 0.07265625 0.2390625
8 0.8328125 0.23515625 0.07109375 0.2265625
20 0.1640625 0.7671875 0.08828125 0.24140625
21 0.253125 0.7625 0.0828125 0.24140625
0 0.33515625 0.76171875 0.08359375 0.23125
7 0.4125 0.76796875 0.075 0.23125
10 0.49921875 0.7515625 0.075 0.23515625
17 0.58203125 0.76015625 0.0796875 0.2453125
9 0.66875 0.7671875 0.075 0.22109375
9 0.7515625 0.7546875 0.07265625 0.2390625
8 0.83515625 0.76015625 0.07109375 0.2265625
1 0.9203125 0.228125 0.06640625 0.2421875
1 0.92109375 0.75859375 0.065625 0.24453125