20 0.8404204057758331 0.26344305062427154 0.09724324838447948 0.2529087540840626
21 0.7520118692067012 0.2668570317225701 0.0917744983844793 0.25278146751493064
0 0.6652931192067012 0.2648386304120492 0.09230117524621555 0.24186215131052088
7 0.5816630016155206 0.26445546428388933 0.08370742524621555 0.24166212955902786
10 0.49252776643315954 0.26550751158659763 0.08303527801975719 0.24633144576343752
17 0.4081345826375692 0.26432491166284755 0.0887404173624308 0.2566149823325695
9 0.319253920593472 0.2544394589655558 0.08347103590354185 0.23150587955902785
9 0.23318913402434008 0.2579079914506252 0.08078244699770849 0.2501831443766667
8 0.14436302336701368 0.24567878875333346 0.07969207247267382 0.23688371058107646
20 0.8260201460890965 0.8149691830330908 0.09724324838447948 0.25290875408406277
21 0.7339417488626383 0.8081359951534381 0.09177449838447949 0.2527814675149308
0 0.6488036826582284 0.8053727114340978 0.09230117524621555 0.2418621513105208
7 0.568171278497916 0.8105310304882991 0.08370742524621555 0.24166212955902786
10 0.47872757200090216 0.7912523939954171 0.08303527801975719 0.24633144576343752
17 0.392590050249409 0.7978459264804865 0.0887404173624308 0.2566149823325695
9 0.3017832122935063 0.8035491061920143 0.08347103590354185 0.23150587955902785
9 0.21693608681854099 0.7882858224726739 0.08078244699770858 0.2501831443766667
8 0.12930880024940908 0.7917179873665626 0.07969207247267382 0.23688371058107655
1 0.05468292752732619 0.23655640226045144 0.07460518218006966 0.2531626740119445
1 0.04106391784058962 0.7881007184648612 0.0746597335668405 0.25550642401194457