20 0.6772567657686106 0.672080746895119 0.14259564311129083 0.3155972289075507
18 0.9260937678801817 0.5096878705498208 0.022972150237426804 0.09235231989237605
23 0.8942671063599837 0.5152272411041506 0.04395223997087001 0.08942852708830529
13 0.8473921063599837 0.513044002890975 0.04705450791755865 0.08879282630251702
10 0.5388618555020539 0.6617339441662505 0.13479751497718784 0.3425407185684687
9 0.40756639139543116 0.6540583771693586 0.12170648159109305 0.3216460217116218
9 0.27024824782192197 0.653904211744043 0.12168374953778152 0.32086477171162164
14 0.8219959866056579 0.31057182030215175 0.09787652500631765 0.2534396772121397
26 0.7231265775927425 0.2911432700544827 0.0929844365265156 0.24619010339082212
1 0.6433541610579795 0.3381402404849781 0.07191943025830945 0.2998223715877872
1 0.5597831431112908 0.3350280490048147 0.07766096489804539 0.30945208271265773
1 0.30031721489804547 0.3198224642252424 0.07922346489804558 0.3095248573197636
3 0.42750184052486606 0.32028484470436974 0.13308425079142266 0.3104730812649157
6 0.1738683751646022 0.31783397104966793 0.12409569569771564 0.3233176836222805