20 0.30814454748823306 0.6374613428468521 0.14306380194586943 0.3251541654253156
18 0.05111111769804699 0.4706720649299774 0.022743799106495554 0.09551370719592925
23 0.08301963677277044 0.4762114354843073 0.04453697848964455 0.09184505169541098
13 0.13223838677277047 0.47391903536047286 0.04688072848964451 0.09195421360606985
10 0.4504002313356089 0.6269326036002191 0.1341660888775003 0.35206126778268043
9 0.5855837548745593 0.6190751000855625 0.121311532871146 0.3311665709258335
9 0.7268809107187579 0.6187389981424823 0.12129789610167077 0.3303853209258335
14 0.1553833806836905 0.2659781027716496 0.09744161038785575 0.2605800891227985
26 0.2572049793037187 0.2464040033097689 0.09263137946257922 0.25333051530148093
1 0.3391174525183575 0.29410944913315845 0.07095697686479152 0.308525283498446
1 0.4258225657488824 0.2908517084387834 0.07580811809849344 0.3181186073197636
1 0.6922833628267829 0.27531863792723466 0.07737061809849344 0.31819138192686947
3 0.5611288202131093 0.2759629549241267 0.13281209455954315 0.3192123804791274
6 0.8226839289794071 0.2731482082338956 0.12368255641009611 0.3328382328364922