20 0.35468354692051973 0.155808928454994 0.12780264231879607 0.2851092082293864
10 0.47992362745286743 0.1632318225829725 0.11726439034162972 0.2752611732831983
4 0.6120822114452562 0.15395736828252754 0.1030108893530464 0.2699187018192456
1 0.7199902119395478 0.1465921703922234 0.07856930486636618 0.2633219454091048
14 0.3242851452101835 0.4808281991331585 0.09081729547482605 0.2194456668730574
27 0.4130293102292115 0.48449254652812457 0.09059446098814572 0.21397691687305756
4 0.5358447277196975 0.4748734898703148 0.08943120901097927 0.20456552956950452
5 0.6216230602292115 0.4747771364794926 0.09199779349765969 0.21014344148016342
4 0.7098724767311143 0.47144662117801167 0.08799604300336802 0.20761775496239868
7 0.7914726452101835 0.45906859160850705 0.08625712946721471 0.22235234305173995
20 0.16356523213114077 0.8657212375940031 0.08394787155854946 0.18481595574818713
10 0.24696798114255758 0.8665152961138398 0.07741137007567467 0.17749360731976366
4 0.36574981464065476 0.8602031759737947 0.08085470505664656 0.18545165653397505
1 0.4414992311425577 0.8574548575291606 0.05882053756616053 0.1805265620344933
14 0.5125611476444604 0.8549248629058439 0.07763420456235508 0.18296235731976368
27 0.5921531471501689 0.8535571079434453 0.07873378954332697 0.1908112446233165
4 0.704684980648266 0.8475360862318236 0.06888128707186905 0.17865584698068132
5 0.7728765651349463 0.8389016408227189 0.07729862353571573 0.19386347001621046
4 0.8508423976444603 0.8391691604674261 0.07061754201478507 0.20212973428423453
4 0.9174396486330435 0.8313887396654269 0.06860937304142425 0.19111945967712848