20 0.6590640219389243 0.8220587479568966 0.12129899743454882 0.2780118913923516
10 0.5345543312094798 0.8102814315037262 0.11168760809187521 0.26780109923787415
4 0.40335888259625075 0.8133887716664141 0.09753418911392372 0.26381303600615735
1 0.29716343398302153 0.816350666083828 0.07396940254479194 0.2582079306199635
14 0.6687779819513199 0.5008650040070208 0.08621417619614605 0.21375394867214012
27 0.580314893995417 0.4935661092950191 0.08608688962701408 0.20828519867214013
4 0.45931206297336846 0.49817686212368956 0.0850874340799308 0.19890565349260036
5 0.3740648939954171 0.49476603669352864 0.08755847064906278 0.20438803903121966
4 0.2865467101998268 0.4944938468019873 0.0836158530578821 0.20280281313352067
7 0.20627798195131986 0.5035557502945875 0.08161759517409743 0.21763292759490122
20 0.8038179438635765 0.1258099409716959 0.07994533919017358 0.17934713241536143
10 0.7208963410900349 0.12160423000291565 0.0735316850298613 0.172279520979043
4 0.603727024885625 0.12306725693388701 0.07683852298576391 0.1801102016972022
1 0.5287088410900348 0.12272234416970862 0.05567203780340293 0.17686248184962738
14 0.4583781572944446 0.12235016032829145 0.07365897159899326 0.177748270979043
27 0.3794173559076737 0.1204654734618121 0.07542149335048629 0.1863511113381226
4 0.267716789703264 0.12189668413600478 0.0649924864166321 0.1745732740041051
5 0.20065657627239591 0.12775631957642836 0.0731322947372571 0.18868122579950314
4 0.12322190729444453 0.12430004235086944 0.06630106648875014 0.1972340691836449
4 0.05692476006798621 0.12937388261175317 0.06450217714607653 0.1870687288245653