20 0.3609375 0.17421875 0.1140625 0.275
10 0.484375 0.1875 0.1046875 0.265625
4 0.61484375 0.184375 0.090625 0.26171875
1 0.7203125 0.18203125 0.0671875 0.25625
14 0.34375 0.49375 0.08046875 0.2125
27 0.43203125 0.5015625 0.08046875 0.20703125
4 0.55234375 0.49765625 0.0796875 0.19765625
5 0.63671875 0.5015625 0.08203125 0.203125
4 0.7234375 0.50234375 0.07890625 0.20078125
7 0.80390625 0.49375 0.0765625 0.215625
20 0.2015625 0.865625 0.075 0.178125
10 0.28359375 0.8703125 0.06875 0.17109375
4 0.4 0.86953125 0.07265625 0.17890625
1 0.47421875 0.86953125 0.05078125 0.175
14 0.54453125 0.87109375 0.06875 0.1765625
27 0.62265625 0.8734375 0.0703125 0.184375
4 0.73359375 0.87265625 0.0609375 0.1734375
5 0.80078125 0.8671875 0.06796875 0.1875
4 0.87734375 0.87109375 0.0609375 0.1953125
4 0.94296875 0.86640625 0.06015625 0.18515625