2 0.19044640680875644 0.15372854197760386 0.0155456436467305 0.0653849194676523
6 0.1788095023622527 0.1518622944490618 0.013311021051392213 0.06841441897336073
0 0.16792656606458356 0.15074546342242254 0.013229175497895929 0.06607066897336074
1 0.37797617786014864 0.07821525292856848 0.00483383293962456 0.02672166749048599
7 0.3732613960089832 0.07918750391715165 0.0063144873861282315 0.02444158448668037
11 0.3655307415624795 0.07716208889812361 0.008712801088459088 0.02609958498097196
1 0.35593748675315606 0.08379409087528995 0.006669151451278843 0.03459783448668037
2 0.3482068323066524 0.08176867585626191 0.010657247004775083 0.037100751977166356
4 0.33802330045548695 0.08296376133152546 0.0121924651536097 0.03638316897336073
0 0.3278670504554869 0.08337759680678901 0.008231651451278844 0.034661501482874765
0 0.3177926460089832 0.08144768228205254 0.01054811960011337 0.03397575197716636
6 0.30766367786014864 0.0810802677573161 0.010657247004775083 0.037100751977166356
21 0.2960540552648104 0.07843277022877403 0.0103844284931208 0.029288251977166356
0 0.6498560900263827 0.42444035962118926 0.0069320462791356615 0.019785917984777513
8 0.6459225581752173 0.4253807771116752 0.005342264427970278 0.018941000988583135
11 0.6396998400263827 0.4248541950964528 0.00606895072563951 0.01741033448668041
0 0.6326958718775482 0.42435944657932756 0.0052877007256395105 0.01737850098858331
9 0.6279810900263827 0.4253316975679107 0.006096232576804894 0.01819158448668041
7 0.6233208718775481 0.4247414485564939 0.005314982576804894 0.01815975098858331
8 0.6178521218775481 0.42496428304317424 0.0052877007256395105 0.017378500988583134
4 0.6131646218775482 0.4251552840317574 0.00517857332097762 0.014253500988583311