22 0.5728040746740408 0.16761153050040303 0.040562544642268605 0.08730159255827141
17 0.6119347585214167 0.17015368794213165 0.033613115259119655 0.09174355589778252
4 0.6564114614435159 0.16547362242570224 0.03584777110331831 0.08557540145127884
6 0.6955694188298421 0.16957827986743085 0.042002313716992215 0.08032490626060222
11 0.7345910085214167 0.16587043730915946 0.03816424756436802 0.08409474700477508
31 0.7776143055993174 0.16749493549506092 0.032750044642268605 0.08702877404661713
0 0.8183211262161685 0.17076377923445868 0.03806879017804192 0.07862599700477509
6 0.8635790791382677 0.16605643186686386 0.03732845048646745 0.0809424651536097
8 0.9019148762161684 0.1678446211597579 0.03649265340856687 0.07779018330244422
8 0.9432665791382677 0.16327368304799023 0.03804151663909146 0.07706349700477508
12 0.49514449918592585 0.3313590611704421 0.043705135551659245 0.0436880018140986
27 0.6263672256469756 0.3252132101746502 0.048365362012708954 0.04228919292109108
14 0.760083706572252 0.32757926362536205 0.049900588473758486 0.040781256623422024
29 0.8765308668806775 0.3258580178017133 0.05398411647693564 0.05107391587924912
10 0.9897120208997997 0.3272617719780645 0.020575958200400635 0.03842758293962447