22 0.46640625 0.8291608483640258 0.03828125 0.08515359140676253
17 0.428125 0.8229135069572632 0.03125 0.08955458992388757
4 0.38515625 0.8242876645619175 0.03359375 0.08340009041817957
6 0.34609375 0.8180084896570576 0.03984375 0.07818600840295709
11 0.30859375 0.8188242317483923 0.0359375 0.08193309091247088
31 0.2671875 0.8132308063492409 0.0296875 0.08480342292769336
0 0.22734375 0.8077010479462838 0.0359375 0.07646434091247087
6 0.18359375 0.8090433720528409 0.03515625 0.07955750741437377
8 0.14609375 0.8036091141441755 0.034375 0.07561942391627667
8 0.10625 0.8058918557412186 0.03515625 0.07487000741437377
12 0.54375 0.6752811146756482 0.0421875 0.04312525889724874
27 0.41640625 0.6716547544858054 0.046875 0.0417537598858317
14 0.28671875 0.6601203938016708 0.0484375 0.040254926882026254
29 0.1734375 0.6531607865775774 0.0515625 0.04975726087441501
10 0.04921875 0.6434117603801234 0.046875 0.0386287598858317