22 0.5578125 0.7859375 0.03515625 0.078125
17 0.59375 0.78203125 0.0296875 0.0828125
4 0.634375 0.78515625 0.03125 0.0765625
6 0.6703125 0.78046875 0.03671875 0.071875
11 0.70546875 0.7828125 0.03359375 0.075
31 0.74453125 0.7796875 0.028125 0.078125
0 0.78203125 0.77578125 0.03359375 0.0703125
6 0.82265625 0.77890625 0.0328125 0.07265625
8 0.8578125 0.775 0.03203125 0.06953125
8 0.8953125 0.77890625 0.0328125 0.06875
12 0.48515625 0.63984375 0.0390625 0.0390625
27 0.6046875 0.64140625 0.04375 0.03671875
14 0.72578125 0.63515625 0.0453125 0.0359375
29 0.83203125 0.6328125 0.0484375 0.04453125
10 0.9484375 0.62890625 0.04375 0.034375