2 0.2163286598043383 0.31712222330522855 0.03174174498543501 0.0441045360041362
7 0.1889849098043383 0.31744039664227386 0.02691785266556703 0.03936249200349984
2 0.16083717775102696 0.3169864106460919 0.02999738855894436 0.037836354670590745
0 0.615868007059629 0.24291837058404925 0.026645068025830908 0.029987492003499837
8 0.5924077750063177 0.2424098405872309 0.02041780007914227 0.030696016669318028
11 0.5705327750063176 0.24266437925686715 0.023588264185764984 0.032294879336408934
1 0.547049810899695 0.2413745992600488 0.018074050079142267 0.03066874466899989
0 0.5259787929530063 0.24240129726291232 0.023588264185764984 0.032294879336408934
1 0.5056208288463836 0.24107515459900314 0.016557014185764985 0.03221306333545444
1 0.4900412929530063 0.24281946793445758 0.017315532132453626 0.03144090400222712
6 0.4728537929530063 0.24301946260345747 0.021980300079142267 0.03071419800286348
6 0.4509105967930722 0.24093025127309367 0.019704746239076344 0.03303067600254535
32 0.4259787929530063 0.24356490260982078 0.02829849623907634 0.033130673337045204
12 0.37834527500631765 0.24490068328295686 0.016193301332783516 0.019713063335454438
12 0.36350152500631766 0.24507340595163857 0.01300010517284953 0.017332950668363534