1 0.8346553523465543 0.6591040100652237 0.005587801088459088 0.02602691146538927
8 0.8432491023465543 0.6586536307120101 0.009412205534962937 0.023887879353213747
11 0.8526786660488851 0.6597248077812315 0.01022073738612832 0.024710072930778537
1 0.8618899749418926 0.654545984850453 0.008204369600113637 0.03396224219808382
2 0.871292256793058 0.6548359119196745 0.010520837748947898 0.033303822930778534
9 0.8829837249418926 0.6534405082562014 0.011329369600113636 0.03412601650834333
4 0.894729756793058 0.6536076045927282 0.010602683302444404 0.03564757293077854
8 0.904886006793058 0.6530753380843848 0.00968502404661713 0.03170037935321375
6 0.9134251930907272 0.6510624587311712 0.0065327421954513906 0.030755355042954236
3 0.8902257952676453 0.7039351532132472 0.012891869600113282 0.03420790366347308
4 0.8996280771188108 0.7042250802824688 0.008067960344286362 0.030055992198083813
4 0.9058507952676453 0.7031162816619497 0.0072048647907898555 0.027671298620519025