1 0.8213173994270866 0.6622245929367896 0.004978401336727245 0.02516369110699266
8 0.8291298994270866 0.6619517744251352 0.008866470003181703 0.023737600362819578
11 0.8392952400938594 0.6623783603599847 0.009656810669954297 0.02454613221398514
1 0.8486156960932231 0.6573634781459996 0.007422148671226836 0.03383928666048881
2 0.8579997867599957 0.6578173459320145 0.009756808004454243 0.03313988221398514
9 0.8689372867599957 0.6574354000156984 0.010538058004454242 0.03316716406515052
4 0.8806560367599957 0.657026172248217 0.009784080004772377 0.035483632213985136
8 0.8900310367599957 0.6566987900342319 0.008167036004136107 0.030741568511654195
6 0.8993969460932231 0.6555901578202468 0.005814195337363515 0.029878472958158042
3 0.8749878394334498 0.7072444270575404 0.012109648671226835 0.03400297776748147
4 0.8835815894334498 0.7069443266947207 0.007367604670590566 0.02915178666048881
4 0.8906128394334498 0.7066987900342319 0.006559082670272431 0.026780754809323425