3 0.3770506133156196 0.22615090569963803 0.012101893713693723 0.025573210085908293
4 0.3676028387085138 0.22507972863041656 0.008050094499482085 0.022243492198083904
1 0.3574829760120667 0.22639324513875997 0.00890411910658786 0.02384693577564878
31 0.34807158870851373 0.22610331806953848 0.012101893713693723 0.025573210085908293
0 0.2736345148871962 0.22530545793820167 0.00890411910658786 0.02384693577564878
6 0.26355103949430203 0.2274002244465451 0.008794957195929065 0.021503185775648782
11 0.25413965219074913 0.22711029737732358 0.009612594499481996 0.02232537935321366
0 0.2439470148871962 0.22686131388566694 0.008867731803034929 0.02306568577564878
9 0.23531687758364325 0.2265304432388806 0.010393844499481997 0.02236632293077854
5 0.22594187758364326 0.22702176616965913 0.008013707195929065 0.021462242198083813
4 0.21738451488719618 0.22825339552287277 0.010430231803034928 0.023147572930778536
7 0.2086816029765374 0.22636002487608636 0.008867731803034929 0.02306568577564878
1 0.19927021567298447 0.2260700978068649 0.0073780064101407914 0.024546298620519026
20 0.18911396567298447 0.22660236431520828 0.011429805624352519 0.027876016508343416