3 0.41015625 0.6671875 0.01015625 0.03515625
4 0.4203125 0.6671875 0.0078125 0.034375
8 0.42734375 0.66640625 0.00703125 0.03359375
1 0.18515625 0.6640625 0.003125 0.01171875
13 0.19453125 0.6640625 0.00390625 0.0125
1 0.1984375 0.6625 0.003125 0.01796875
8 0.203125 0.66328125 0.00625 0.015625
7 0.20859375 0.66328125 0.0046875 0.01484375
6 0.2140625 0.66328125 0.00546875 0.01796875
4 0.22109375 0.6640625 0.0046875 0.01640625
5 0.22578125 0.6640625 0.00546875 0.01640625
25 0.23125 0.66640625 0.00390625 0.0125
2 0.18984375 0.66484375 0.00390625 0.0109375