3 0.5504878817219817 0.32829070998682164 0.01190284057054054 0.03755908733401751
4 0.5402952444184288 0.3290128726528041 0.010267565963434677 0.0359874969749379
8 0.5324463571148759 0.329748670857406 0.008668678659881834 0.035197156615858295
1 0.789368445204217 0.3335877849260031 0.0036708095532938857 0.011736930718159223
13 0.77924858250777 0.3327474475919856 0.004524834160399749 0.013303975897698984
1 0.7752695579006641 0.3342872216942866 0.003998295285270359 0.018768180718159222
8 0.7705820579006641 0.3342599506170477 0.007014133374611475 0.016442611436318443
7 0.764332057900664 0.33422358918072925 0.006196496071058632 0.015656816256778682
6 0.758899695204217 0.33341052292395057 0.007123295285270359 0.018786361436318445
4 0.751868445204217 0.33336961630809225 0.0062692706781644954 0.017219316256778684
5 0.7464360825077699 0.3325565500513136 0.007050520678164318 0.017223861436318443
25 0.7402952444184288 0.3301764386149951 0.004524834160399749 0.013303975897698984
2 0.7847537198113229 0.33199801384876426 0.004415672249741043 0.010960225897698983