3 0.4002485963569996 0.7559109086171387 0.012919531017246655 0.025917610001590853
4 0.3901651209641055 0.757591587285184 0.008086481803034928 0.022738066000954404
1 0.3799724836605526 0.7569285159532294 0.009721756410140791 0.024318747334499947
31 0.3698890082676584 0.7586091946212749 0.012138281017246655 0.02590851933481808
0 0.29350844478542304 0.7634063299650016 0.009721756410140791 0.024318747334499947
6 0.2832794201783172 0.761962008633047 0.008831344499482086 0.021965906667727176
11 0.27319594478542303 0.7636426873010924 0.010430231803034928 0.02276533800127254
0 0.26303969478542305 0.7637608659691377 0.008867731803034929 0.022747156667727354
9 0.25370108208897596 0.7646512039704104 0.010430231803034928 0.022765338001272718
5 0.24432608208897597 0.7647602919716832 0.008831344499481997 0.021965906667727353
4 0.23495108208897597 0.7648693799729558 0.01046661910658786 0.02354658800127272
7 0.22564885669608184 0.7665409679742284 0.00968536910658786 0.023537497334499946
1 0.21631024399963478 0.7674313059755011 0.007414393713693723 0.02507272533418181
20 0.20615399399963477 0.7675494846435466 0.01224744292790545 0.02825226933481808