16 0.421875 0.41796875 0.1109375 0.2796875
19 0.5265625 0.35234375 0.0890625 0.22890625
0 0.6 0.3078125 0.08671875 0.221875
5 0.67578125 0.2359375 0.10390625 0.240625
20 0.40625 0.79140625 0.1296875 0.2796875
25 0.49609375 0.70546875 0.090625 0.2640625
2 0.5921875 0.6359375 0.11796875 0.253125
6 0.6734375 0.5578125 0.10234375 0.23125
0 0.74765625 0.49765625 0.0953125 0.23046875
3 0.815625 0.428125 0.0953125 0.21328125
18 0.215625 0.75859375 0.0296875 0.08046875
23 0.2421875 0.73828125 0.05078125 0.10234375
13 0.28203125 0.70703125 0.04453125 0.0953125