16 0.6154047544858053 0.3815512347796818 0.12759439528454558 0.3004843893637169
19 0.5032284066532521 0.3191716030967113 0.10355471741393636 0.24608531570031095
0 0.42397464676742036 0.27680136354946777 0.10089263243296429 0.23813630780780315
5 0.3411992974519924 0.20566138189473207 0.11968905338349138 0.25949536831702946
20 0.6477914205305976 0.7727831795321274 0.14790689528454556 0.3016674577654509
25 0.5495993182494201 0.6884452478632742 0.10661339182450451 0.28289507096198285
2 0.44660696942828365 0.6208320846102726 0.13429272285114385 0.2735956656720761
6 0.3573269521280781 0.5438061240022243 0.11768088441013073 0.24846686305535748
0 0.27662343878220524 0.4850751370858168 0.10986838441013073 0.24801183674699842
3 0.20253733996106887 0.4157783764918859 0.10910438045579803 0.22926183674699843
18 0.8471401631162238 0.7259327534072948 0.03468801779449713 0.08619510523343692
23 0.8173744086675996 0.7065226007482239 0.05748618923931588 0.11012542889684288
13 0.7746629852456145 0.676902990182528 0.05094968775644091 0.10273015785015556