10 0.6274524042189752 0.73125 0.015335839923887918 0.03125
27 0.6117637372227808 0.7296875 0.013773339923887917 0.03125
22 0.5946080707208781 0.73046875 0.016930173421985016 0.03203125
34 0.5773887372227808 0.7296875 0.015463173916276673 0.034375
1 0.5531699872227808 0.7296875 0.009149506920082118 0.0328125
1 0.637015746614321 0.77421875 0.006455588441012949 0.02421875
11 0.618265746614321 0.77421875 0.009516921444818749 0.02265625
1 0.6080776631162237 0.7734375 0.00801808844101295 0.02421875
2 0.5979850801124182 0.775 0.011174921939110228 0.025
1 0.589359496614321 0.77421875 0.008049921939110406 0.025
6 0.628421996614321 0.77421875 0.01189250494291585 0.0234375
7 0.570609496614321 0.77421875 0.008926672433401884 0.02734375
6 0.5605169136105154 0.77578125 0.011174921939110228 0.025
32 0.547171996614321 0.77421875 0.015862421939110406 0.025
3 0.5800163301124182 0.775 0.010393671939110227 0.025