20 0.9099985162372602 0.7296726469091543 0.045657351292594225 0.08589263555165907
11 0.863250850229649 0.725729440740644 0.04302709980971962 0.07882047524323355
1 0.8061877667315519 0.7255152065689566 0.02571226581733086 0.07539546631477982
2 0.7609389337277463 0.7231617739393968 0.04215034931542796 0.07646308847375849
26 0.7078776007239407 0.7206719736150853 0.04455776631162252 0.07806649878218401
5 0.6538440167315519 0.7228560365212986 0.03980659931542796 0.07642217816533296
6 0.6070963507239406 0.7189128303527884 0.039711098821136305 0.07407842816533297
4 0.5625014337277463 0.7196980344927038 0.03980659931542796 0.07642217816533296
3 0.5211270172258435 0.7181940357105197 0.0420230153230392 0.07333808847375849
20 0.9176876353243518 0.5601550336786294 0.045657351292594225 0.08589263555165907
20 0.9253449209133461 0.39141867044810463 0.045657351292594225 0.08589263555165916
20 0.9314397065023403 0.2226550336786295 0.045657351292594225 0.08589263555165916
11 0.3305338507239407 0.7140854139585782 0.04302709980971962 0.07882047524323373
20 0.3749696002296491 0.7172064598186629 0.045657351292594316 0.08589263555165924
11 0.8716893858186433 0.5570067142795945 0.04302709980971962 0.07882047524323373
11 0.8777841714076378 0.38824307751011927 0.04302709980971926 0.07882047524323363
11 0.8853141230042432 0.22263171427959447 0.04302709980971926 0.07882047524323363
1 0.8138768858186435 0.5559975933384319 0.02571226581733086 0.07539546631478
1 0.8206892544114431 0.38881009333843186 0.02571226581733086 0.07539546631478
1 0.8283783734985347 0.21929248010790708 0.02571226581733086 0.07539546631477992
1 0.2709678497353575 0.7177365194784653 0.02571226581733086 0.07539546631477982
2 0.22897135072394068 0.7123126339268061 0.04215034931542796 0.07646308847375849
2 0.7700632188224489 0.5567964342478223 0.04215034931542796 0.07646308847375849
2 0.7800642544114433 0.388100981325723 0.04215034931542796 0.07646308847375849
2 0.7845647065023403 0.22009132101729753 0.04215034931542796 0.07646308847375849
26 0.7137177183281574 0.5581583368456101 0.04455776631162252 0.07806649878218401
26 0.7207210879095405 0.3862833368456101 0.04455776631162234 0.07806649878218401
26 0.17249851623726029 0.7167995365245938 0.04455776631162238 0.07806649878218401
26 0.729191456996632 0.21677936038456047 0.04455776631162252 0.07806649878218401
5 0.6583444688224489 0.554846376212873 0.03980659931542796 0.07642217816533296
5 0.6659062539171516 0.38845376298234824 0.03980659931542796 0.07642217816533296
5 0.11634401673155188 0.7134739391223816 0.03980659931542796 0.07642217816533296
5 0.6751260395061459 0.21974467329077374 0.03980659931542796 0.07642217816533296
5 0.12546830182625457 0.5471085994308071 0.03980659931542796 0.07642217816533296
4 0.02737701722584346 0.7095755974022122 0.039806599315427994 0.07642217816533296
4 0.03497063581864335 0.5424017341716875 0.03980659931542798 0.07642217816533296
3 0.0018490536984385412 0.7127727353895035 0.0036981073968770824 0.07320172077900686
3 0.0053189049910328775 0.5424602353895034 0.010637809982065755 0.07320172077900686
2 0.23337630232054618 0.5466467236183805 0.04215034931542796 0.07646308847375849
1 0.27778021832815736 0.5505490194784652 0.02571226581733077 0.07539546631477982
11 0.33415755232054617 0.5484058668806775 0.04302709980971962 0.07882047524323355
20 0.38353546981103215 0.5453587333576133 0.045657351292594406 0.08589263555165907
26 0.18012396832815739 0.548844423294069 0.04455776631162234 0.07806649878218401
6 0.07103151673155188 0.7126830064928218 0.039711098821136395 0.07407842816533297
6 0.08021946882244897 0.5447551668012472 0.039711098821136395 0.07407842816533297
6 0.6138450523205462 0.5532878303527884 0.039711098821136305 0.07407842816533297
6 0.6230330044114432 0.3853599906612139 0.039711098821136305 0.07407842816533297
6 0.6305947895061459 0.21896737743068906 0.039711098821136305 0.07407842816533297
4 0.5724069688224489 0.5533463315706044 0.03980659931542796 0.07642217816533296
4 0.5785017544114432 0.3845826948011292 0.03980659931542796 0.07642217816533296
4 0.5845328730042432 0.217381558031654 0.03980659931542796 0.07642217816533296
3 0.5294063853243518 0.55337755924947 0.0420230153230392 0.07333808847375849
3 0.5362505874152489 0.38540880924946996 0.0420230153230392 0.07333808847375849
3 0.5423453730042431 0.21664517247999485 0.0420230153230392 0.07333808847375849
7 0.3589386709133461 0.3815320125786064 0.04321810079830275 0.08350797524323372
7 0.31600175441144324 0.38000074025747205 0.039343684296399936 0.08422104139585782
12 0.22599883692095726 0.3823387617678275 0.04693334980971962 0.07888865909060953
13 0.18390683741524885 0.37925862621616835 0.04374468281352519 0.07727161201270878
9 0.07775233790954043 0.3750602755675452 0.04693334980971957 0.07888865909060953