22 0.10703125 0.16171875 0.10390625 0.16171875
17 0.20234375 0.16328125 0.08046875 0.1515625
0 0.31484375 0.16875 0.0640625 0.15
4 0.3875 0.16171875 0.06953125 0.16171875
10 0.496875 0.16796875 0.0859375 0.14609375
17 0.57890625 0.16328125 0.07578125 0.15859375
1 0.69296875 0.16640625 0.05859375 0.1484375
0 0.7640625 0.16015625 0.0703125 0.15546875
5 0.83046875 0.1625 0.0671875 0.16015625
3 0.9046875 0.16484375 0.0734375 0.15546875
22 0.11953125 0.49921875 0.1125 0.1734375
17 0.23125 0.4953125 0.096875 0.16796875
0 0.340625 0.49609375 0.0578125 0.17578125
2 0.4046875 0.49921875 0.05546875 0.16953125
16 0.52109375 0.49453125 0.0953125 0.1796875
10 0.61171875 0.49921875 0.08203125 0.1765625
8 0.72109375 0.5 0.06484375 0.17421875
7 0.78125 0.496875 0.05390625 0.18359375
5 0.846875 0.5 0.065625 0.16875
5 0.91171875 0.50078125 0.0640625 0.16953125