0 0.5473376120727653 0.7036469994032241 0.010049242142117266 0.031349997334499946
5 0.555295661286977 0.7068629060709514 0.009377154052775793 0.03368465666772735
1 0.7519930328747643 0.7723986414305865 0.007906699338046153 0.05240738466740904
8 0.7608051066960819 0.7771861387650864 0.01593752315936392 0.05718579133513622
7 0.7725602439996347 0.7781037487666772 0.015010723945152193 0.05405170066836362
1 0.7843153813031878 0.7790213587682681 0.011140861248705036 0.054787497334499946
11 0.5631809358940829 0.7085163127386785 0.007106178659881834 0.03521988466740904
0 0.570103023983424 0.706254378739633 0.010104900123834425 0.04930965666772717
9 0.5796235731976358 0.7094884667409056 0.013266287427387446 0.05012726933481808
0 0.5891077351082946 0.7119413047421783 0.009922963606069857 0.04540340666772717
9 0.6002271716260592 0.7159748240769964 0.01155823821317572 0.04698408800127272
0 0.610565358143824 0.719999252745042 0.00921448821317572 0.0469568160009544
0 0.6201950692686944 0.7255770907463145 0.012521424730940468 0.05089942866804549
33 0.6371835161255412 0.7382679947485417 0.019006865177646402 0.03926249466899989