0 0.48040928531336846 0.71953125 0.009934107548481919 0.03203125
5 0.4725286014659925 0.7234375 0.008412517856907442 0.034375
1 0.27452174959955344 0.78828125 0.006409687093786687 0.05390625
8 0.26506492898270245 0.79296875 0.014304007710637733 0.05859375
7 0.25255129221322725 0.79375 0.013468210632737065 0.05546875
1 0.24081890544375212 0.79453125 0.01035684740221221 0.05625
11 0.4647024646965175 0.72421875 0.00687729139585791 0.0359375
0 0.45769848823546777 0.72265625 0.008685253246410873 0.05
9 0.448268941157567 0.72578125 0.012618776785361163 0.0515625
0 0.4380717808491415 0.728125 0.008630706168510116 0.046875
9 0.4270660970017657 0.73203125 0.010988092937985527 0.04765625
0 0.41682802638491473 0.73671875 0.008657979707460583 0.0484375
0 0.40657631899858854 0.7421875 0.011056276785361164 0.0515625
33 0.3899518806869858 0.7546875 0.018664225243233724 0.03984375