13 0.6958605560096498 0.48961948178557335 0.06889209618439622 0.1003939308363588
21 0.6287139663180752 0.4845380509492145 0.06882391233702041 0.0964876808363588
1 0.5708332824706994 0.48608862209002196 0.05476141233702041 0.09591467787060921
12 0.5099230560096497 0.4820431092384408 0.056214818181219074 0.08972834486680377
10 0.42554805600964973 0.4786050914439436 0.061860846184396225 0.10010742935348418
16 0.3622668060096497 0.4760265780980708 0.059585280031772124 0.10391817885919252
0 0.27786453247069937 0.4741510603035737 0.05790004910649556 0.09682326186299797
3 0.22072418831489798 0.47807721494247835 0.05802278003177212 0.10385451186299814
1 0.16060884862332353 0.47328228558899427 0.059530732953871415 0.10079317885919252
1 0.09887646185384834 0.4715486892393158 0.07289380357072243 0.10602184832684483
3 0.21412318100800207 0.2291940459691176 0.062160855112849946 0.1172949293534841
1 0.15558397808590274 0.2236815336118279 0.05978983157389965 0.11563692885919252
1 0.09555045901117928 0.21419910425834385 0.07464721834337482 0.1170230153230392
21 0.6431385251638034 0.24042063642447808 0.06678017126547413 0.11357968034206722
1 0.5750470442385269 0.24468237209002205 0.05095061972334669 0.10122426038012336
13 0.7064197751638035 0.24299914977035092 0.06194266680124727 0.10479492935348408
12 0.5149317045469524 0.23988744273653798 0.0658898271096728 0.10729784684397004
10 0.42436125162485305 0.23306975695726323 0.07053641680124727 0.10514509783255317
16 0.36188852516380343 0.22896057710948764 0.0659852844959989 0.11276659684397003
0 0.2759101148553779 0.22780264231879607 0.06517676095704861 0.11117226334587285