13 0.29296875 0.5265625 0.0640625 0.09375
21 0.35703125 0.528125 0.0640625 0.0890625
1 0.41171875 0.525 0.05078125 0.0890625
12 0.4703125 0.5265625 0.05234375 0.0828125
10 0.55078125 0.5265625 0.0578125 0.09296875
16 0.61171875 0.5265625 0.05546875 0.096875
0 0.6921875 0.52421875 0.05390625 0.08984375
3 0.74609375 0.51875 0.053125 0.096875
1 0.803125 0.52109375 0.0546875 0.09375
1 0.86171875 0.5203125 0.06796875 0.0984375
3 0.75625 0.75625 0.05703125 0.109375
1 0.8125 0.75859375 0.05546875 0.1078125
1 0.86953125 0.76484375 0.06953125 0.109375
21 0.34765625 0.76171875 0.06171875 0.10546875
1 0.4125 0.7546875 0.046875 0.09453125
13 0.2875 0.76171875 0.05703125 0.09765625
12 0.46953125 0.7578125 0.0609375 0.1
10 0.55546875 0.76015625 0.065625 0.09765625
16 0.615625 0.76171875 0.0609375 0.1046875
0 0.69765625 0.759375 0.06015625 0.103125