13 0.2991576635515411 0.53696638737268 0.06730232264544593 0.09685736600890867
21 0.3656048238599666 0.5400828440483614 0.06722050202859489 0.09216986600890867
1 0.42178664001259075 0.5368311220559974 0.05395288879807012 0.09279657467377245
12 0.4819701635515411 0.539093603397497 0.05539265787279355 0.08578350600731781
10 0.5647826635515412 0.5400572140754056 0.06105232264544593 0.09678464067472703
16 0.6272826635515412 0.5407844674172234 0.05877675649282175 0.10066361867440872
0 0.7100678900125909 0.540185578095132 0.05707788879807012 0.09283293734086336
3 0.7654275458567894 0.5345810154359952 0.05643300649282175 0.10063634667409058
1 0.8248434561652148 0.5376156561107222 0.05794095941492117 0.09752952800763595
1 0.8849860693957396 0.5375343874522218 0.07130403003177221 0.10237156934277233
3 0.7798384679330425 0.7784491941040407 0.06135233157389965 0.11397214067472686
1 0.8384867650109431 0.7822559941119949 0.05896767126547431 0.11160111867440889
1 0.8971896091667444 0.789187794119949 0.07383869480442443 0.11333634134309048
21 0.35963506208884377 0.779808415380316 0.0659580109570486 0.1093391846753633
1 0.4266998311635673 0.7735589627227701 0.050142096184396225 0.09821987133990877
13 0.2979163120888438 0.779090252705271 0.06035289326229698 0.10146305000795408
12 0.4853344914719928 0.7765845127307244 0.06506766680124727 0.10308009400859053
10 0.5744515385498934 0.7807458487428147 0.0689466432622968 0.10156304734245421
16 0.6354163120888439 0.783017420751087 0.06438187418757338 0.10853975334181776
0 0.7197367650109431 0.780874212762541 0.06357335064862309 0.10696816267504498