1 0.1171875 0.5390625 0.00703125 0.02265625
8 0.125 0.53984375 0.00859375 0.01953125
11 0.1359375 0.53984375 0.01015625 0.02109375
1 0.14921875 0.5390625 0.009375 0.01953125
2 0.1578125 0.5390625 0.009375 0.01953125
8 0.1671875 0.53828125 0.00859375 0.0203125
7 0.17578125 0.53671875 0.00625 0.021875
6 0.18515625 0.5375 0.00703125 0.01953125
1 0.19296875 0.5375 0.00625 0.02109375
20 0.2078125 0.5359375 0.01328125 0.021875
2 0.328125 0.584375 0.009375 0.02734375
6 0.3359375 0.5828125 0.01015625 0.02734375
8 0.34296875 0.5828125 0.0078125 0.028125
1 0.8984375 0.53359375 0.00546875 0.01640625
8 0.90390625 0.53359375 0.0046875 0.01484375
11 0.91015625 0.53359375 0.00703125 0.01484375
1 0.91953125 0.53359375 0.00625 0.0140625
2 0.92578125 0.53359375 0.00625 0.0140625
8 0.93203125 0.53359375 0.00546875 0.01484375
7 0.93828125 0.53359375 0.0046875 0.01484375
6 0.94453125 0.5328125 0.00625 0.0140625
5 0.95078125 0.53359375 0.0046875 0.01484375
23 0.96015625 0.5328125 0.009375 0.0171875