22 0.1234375 0.26796875 0.02265625 0.05390625
22 0.12265625 0.5265625 0.0203125 0.05
22 0.121875 0.81484375 0.02109375 0.05234375
22 0.4203125 0.815625 0.02265625 0.05546875
22 0.4203125 0.265625 0.02109375 0.05078125
22 0.72734375 0.2640625 0.02109375 0.0515625
17 0.14296875 0.26640625 0.01640625 0.0515625
17 0.1421875 0.52890625 0.015625 0.05234375
17 0.14140625 0.81640625 0.0140625 0.0453125
17 0.4390625 0.81875 0.01484375 0.04765625
17 0.43984375 0.265625 0.01484375 0.04921875
17 0.74609375 0.26484375 0.01484375 0.04921875
0 0.1625 0.265625 0.01484375 0.05
0 0.16328125 0.52734375 0.01640625 0.0484375
0 0.1625 0.8171875 0.0140625 0.05390625
0 0.46015625 0.81796875 0.01328125 0.046875
1 0.5375 0.5265625 0.0109375 0.05078125
0 0.55234375 0.5265625 0.01328125 0.05
0 0.46015625 0.26640625 0.0125 0.0484375
0 0.7671875 0.26796875 0.01328125 0.05078125
0 0.73046875 0.53515625 0.01484375 0.04921875
2 0.17734375 0.26640625 0.0140625 0.04375
2 0.178125 0.528125 0.015625 0.046875
2 0.1765625 0.81484375 0.0140625 0.0453125
2 0.4734375 0.815625 0.0140625 0.04375
2 0.4375 0.5265625 0.015625 0.04609375
2 0.47421875 0.26640625 0.01640625 0.046875
13 0.21328125 0.265625 0.015625 0.04765625
2 0.23515625 0.26484375 0.015625 0.046875
13 0.5109375 0.2640625 0.01640625 0.05078125
2 0.53203125 0.26484375 0.01484375 0.046875
13 0.21328125 0.52890625 0.01484375 0.04921875
2 0.234375 0.528125 0.01484375 0.04609375
13 0.21328125 0.81640625 0.01328125 0.05
2 0.23359375 0.81640625 0.015625 0.0453125
13 0.51015625 0.815625 0.01640625 0.04921875
2 0.53203125 0.8171875 0.01484375 0.04765625
2 0.78203125 0.265625 0.01484375 0.046875
13 0.8171875 0.26484375 0.015625 0.05234375
2 0.83984375 0.265625 0.015625 0.0453125
31 0.196875 0.265625 0.0140625 0.05
6 0.24921875 0.2671875 0.0109375 0.04921875
3 0.26171875 0.26796875 0.0140625 0.05078125
6 0.2765625 0.26640625 0.01484375 0.05
31 0.19765625 0.5265625 0.01484375 0.0546875
6 0.2484375 0.52890625 0.0140625 0.0484375
3 0.26171875 0.528125 0.0125 0.04609375
6 0.27578125 0.52890625 0.01328125 0.05078125
6 0.2484375 0.81484375 0.01484375 0.04375
3 0.2625 0.815625 0.0125 0.04375
6 0.2765625 0.81640625 0.01328125 0.04453125
31 0.1984375 0.8109375 0.01484375 0.05
31 0.49453125 0.2640625 0.015625 0.0515625
6 0.54609375 0.26875 0.0125 0.04609375
3 0.5609375 0.26484375 0.0140625 0.0515625
6 0.5734375 0.26484375 0.01328125 0.0515625
7 0.45234375 0.52578125 0.0140625 0.04921875
12 0.48671875 0.525 0.015625 0.04765625
13 0.503125 0.52578125 0.015625 0.0484375
31 0.49375 0.815625 0.015625 0.05390625
6 0.54609375 0.81640625 0.0140625 0.0453125
3 0.56015625 0.81484375 0.01171875 0.05
6 0.5734375 0.81640625 0.01484375 0.04765625
31 0.8015625 0.26484375 0.01640625 0.04921875
6 0.85390625 0.26875 0.0140625 0.05390625
3 0.86640625 0.26640625 0.0125 0.05078125
6 0.88125 0.26484375 0.01796875 0.04921875
3 0.74375 0.53515625 0.0140625 0.04453125
13 0.7578125 0.53515625 0.01328125 0.04453125
1 0.77265625 0.52421875 0.0125 0.0671875
5 0.7921875 0.5265625 0.01953125 0.0625
3 0.81015625 0.5265625 0.01796875 0.0625
8 0.82890625 0.52578125 0.01796875 0.0640625
7 0.846875 0.52578125 0.01875 0.06328125
4 0.86484375 0.5265625 0.01953125 0.0625
32 0.8828125 0.534375 0.021875 0.05546875