22 0.8745246969236241 0.7224329174388936 0.023760207747326234 0.056287205534962935
22 0.876860398326239 0.4552181355877282 0.02139373184962743 0.05229910998146643
22 0.8793779069104459 0.15675335373656274 0.022193162567786827 0.055451391832631994
22 0.5707887020899858 0.16674843494690678 0.02376929810640611 0.057849705534962846
22 0.5674798113850048 0.7354984349469068 0.02217952702916719 0.05310764183263199
22 0.25028322102592526 0.7481373665200705 0.02218407220870695 0.05388889183263199
17 0.8542031065645446 0.7247047455691946 0.01749657220870695 0.05372520072563951
17 0.8565660790443982 0.4528024637180293 0.01593861738824671 0.05445188702330857
17 0.8590699520899857 0.15668143186686387 0.015116460772388507 0.04739335517214314
17 0.551275632808145 0.16430548122604244 0.01591134631100797 0.049764387023308564
17 0.5471627662054651 0.7369890130772079 0.01592043667008767 0.051326887023308565
17 0.230756516205465 0.7480381627992062 0.01592043667008758 0.051326887023308565
0 0.8338906065645446 0.7254140736994958 0.015143731849627428 0.052080855172143004
0 0.8338961935057787 0.45593738740182665 0.016697141490547907 0.050572918874474126
0 0.8371994972695255 0.15666407369949584 0.01438520774732659 0.05595982332097771
0 0.5301773376286051 0.16582334120750902 0.014344301131468206 0.048928573320977706
1 0.44795414832623887 0.47019587187754813 0.01124202702916719 0.05272569591631608
0 0.4331149435057787 0.4699329770496913 0.014362481849627429 0.05205357332097762
0 0.5260781065645446 0.7361631230586745 0.013572141490547907 0.05046379146981224
0 0.20968094692362427 0.7456497727806728 0.01436702702916719 0.05283482332097762
0 0.24878994048071662 0.4677777439247322 0.01592043667008758 0.051326887023308565
2 0.8182656065645446 0.7259597107228044 0.015107370413308984 0.045830855172143005
2 0.8198382386853187 0.45564721072280445 0.01668805113146803 0.049010418874474125
2 0.823127906910446 0.15871764702047356 0.015116460772388507 0.04739335517214314
2 0.5161012020899858 0.16865816452848673 0.014326120413308985 0.04580357332097771
2 0.5510836935057787 0.4658134175237116 0.016683505951928267 0.04822916887447395
2 0.5120156065645446 0.7366541963796521 0.01746930113146803 0.04903770072563933
13 0.7815423113850049 0.7280232077275796 0.01591134631100797 0.049764387023308564
2 0.7588815162054651 0.729595631411377 0.01668805113146803 0.04901041887447395
13 0.47450197102592523 0.7403074752355927 0.01671077702916719 0.05291666887447395
2 0.4526315162054651 0.7402901170682247 0.01590680113146803 0.048983137023308566
13 0.7823473290443982 0.4553942395787449 0.01592043667008767 0.051326887023308565
2 0.7612490338648583 0.4569120995602115 0.01590225595192827 0.04820188702330856
13 0.7848512020899857 0.15927320772757952 0.013581231849627428 0.05202629146981228
2 0.7637619972695255 0.1592285677090461 0.016674415592848747 0.046666668874473995
13 0.47781995208998573 0.1699949752355927 0.017482936670087667 0.05138145072563942
2 0.4551727924490653 0.1692236489193901 0.01513009631100779 0.04973710517214314
2 0.19404231138500483 0.7485391598039813 0.015125551131468162 0.04895585517214318
13 0.157319016205465 0.7506026568087564 0.0159386173882468 0.05445188702330857
2 0.13466731138500485 0.7506125804925539 0.015897710772388506 0.047420637023308565
31 0.7979485613850048 0.7274502888531055 0.015143731849627428 0.052080855172143004
6 0.7448326517440844 0.7277429547323546 0.012018731849627429 0.05197172776748147
3 0.7307746969236242 0.7274527780533324 0.01436702702916719 0.05283482332097762
6 0.7159218565645447 0.7295336332254754 0.015143731849627428 0.052080855172143004
31 0.7987399435057787 0.457165070704271 0.01517100292686635 0.05676835517214318
6 0.7464052838648583 0.4574304547323546 0.01435339149054773 0.05049107332097762
3 0.7323427838648583 0.4579215280533323 0.012777255951928268 0.048092759618646855
6 0.7182802838648583 0.45841260137431006 0.01358577702916719 0.05280754146981224
6 0.748123361730906 0.16211795473235463 0.015888620413308983 0.045858137023308564
3 0.7340699520899857 0.16104652805333233 0.013544870413308985 0.04577629146981228
6 0.7192307472695255 0.16078363322547545 0.014330665592848745 0.04658482332097771
31 0.8004489310127468 0.16341507070427097 0.01592498184962743 0.05210813702330856
31 0.49090822102592513 0.7397345563611186 0.01593407220870695 0.053670637023308564
6 0.4378150372827038 0.7361209722403678 0.012777255951928268 0.048092759618646855
3 0.42294401620546507 0.7413268274125109 0.01515282220870695 0.053643355172143005
6 0.4096627662054651 0.7417906188823232 0.013590322208706951 0.053588791469812234
7 0.536230853146699 0.46789427269585476 0.015143731849627428 0.052080855172143004
12 0.5010700579671592 0.469903205998299 0.016697141490547907 0.050572918874473946
13 0.48389164832623893 0.4689409067239384 0.016697141490547907 0.050572918874473946
31 0.49500745208998576 0.16939477450995327 0.01672895774732659 0.05604166887447395
6 0.4403244972695255 0.1705232540915332 0.014335210772388507 0.04736607332097771
3 0.4270341569104459 0.1725495455613455 0.01279998184962743 0.051999009618646855
6 0.4121994972695255 0.17150540073348863 0.015130096311007969 0.04973710517214314
31 0.17372526620546502 0.7500297379342824 0.01670168667008758 0.05135416887447395
6 0.11984174210316408 0.7480059356646971 0.014385207747326411 0.05595982332097762
3 0.10654685656454463 0.7508134771345093 0.01358577702916719 0.05280754146981224
6 0.09169401620546502 0.7528943323066524 0.019045436670087578 0.05143601442797028
3 0.2355086904807166 0.46824153539454444 0.015111915592848746 0.046612105172143
13 0.2206649404807166 0.4687598905666876 0.014330665592848745 0.04658482332097762
1 0.20497176278761944 0.48102427758999616 0.012904520979042999 0.06996775961864685
5 0.1846728983262389 0.47938985572029724 0.020689749901804166 0.06555307813030105
3 0.1667041483262389 0.48001733829710214 0.019122704722264315 0.06471726442797028
8 0.1471683531466991 0.48148063457623785 0.019131795081343928 0.06627976442797028
7 0.1291996031466991 0.4821081171530427 0.01991304508134393 0.06630704627913567
4 0.1104541483262389 0.4819816315810129 0.020689749901804166 0.06555307813030105
32 0.09097289530117678 0.4740699278601486 0.022992593285945873 0.058603673683797555