22 0.31900070727245733 0.46353823097446545 0.033330668006045186 0.04605951674922295
17 0.3549836606063209 0.46130579693790014 0.030996008672817866 0.04673160483856424
0 0.3932921826066391 0.46074502481199364 0.024691464672181508 0.04175300641014079
1 0.4128143419398664 0.4624359574008169 0.01924998667249973 0.04384204528527036
19 0.44719843260663905 0.4632557487571457 0.027089758672817866 0.0465496683207995
10 0.47301604527373 0.4613315297743924 0.030223849339590637 0.047476467535011224
8 0.51989104527373 0.4635147679875681 0.023901124005408825 0.04093536910658777
9 0.5417842266072755 0.46297111248705003 0.022356805338954188 0.042425094499482084
3 0.5644586579408208 0.462463844290085 0.023110783338636053 0.04011773180303493
9 0.5863427486075936 0.46270143878956704 0.02237498667249973 0.043987594499482086
12 0.14359217461013896 0.4233198376750565 0.015180104670590744 0.029597608767505612
23 0.15766376527691167 0.42319355913900913 0.016742604670590744 0.029670383374611475
16 0.1725166059436844 0.4231036679065149 0.015888629336408933 0.023383996071058632
12 0.1873876279440026 0.4214512766740205 0.013563060669954385 0.024837334160399748
10 0.20225864994432077 0.4197988854415261 0.014344310669954386 0.024873721463952593
11 0.21786546861077527 0.4220891315125847 0.013544879336408933 0.02327483416039975
8 0.6007512412874112 0.36644502294996684 0.016697151336727067 0.025764133374611475
9 0.6179205599538657 0.36880804362813124 0.018259651336727068 0.02583690798171734
3 0.6335546506206384 0.3687545396991898 0.014335220003181704 0.02409247146395277
9 0.6468359006206384 0.36937312385958965 0.013553970003181703 0.024056084160399747
12 0.669510331954184 0.36886585566262453 0.015915901336727246 0.025727746071058544
0 0.6905859006206384 0.37141081285855365 0.016660788669636162 0.022639133374611476
0 0.7030859006206385 0.37199300971540045 0.017469310669954295 0.025019270678164496