2 0.81484375 0.80703125 0.0421875 0.10234375
1 0.84609375 0.80859375 0.0203125 0.09921875
0 0.87421875 0.81640625 0.040625 0.10390625
6 0.3859375 0.790625 0.021875 0.053125
4 0.40859375 0.79140625 0.0234375 0.053125
11 0.43203125 0.790625 0.01875 0.05390625
0 0.46328125 0.78359375 0.0328125 0.07734375
8 0.4890625 0.78515625 0.0296875 0.08125
7 0.51640625 0.78125 0.02734375 0.07421875
9 0.5453125 0.7890625 0.0328125 0.0734375
8 0.571875 0.79140625 0.03203125 0.0765625
5 0.6 0.7921875 0.0265625 0.0796875
14 0.628125 0.80234375 0.0234375 0.059375