0 0.16199658002921766 0.3848263288378471 0.013618555897782514 0.03232219072944451
4 0.17525054817805225 0.3837359543128124 0.01124752404661713 0.0314863893426736
1 0.18158239373154852 0.3859342339480901 0.007204864790789944 0.027489220364722212
9 0.18942217558271396 0.38653364599218737 0.012755460344286273 0.02996025693385418
0 0.20046880298737565 0.3894040728539235 0.013618555897782514 0.03232219072944442
5 0.27752237630835336 0.4016845608860762 0.013536710344286274 0.029978440729444424
0 0.2885417218618497 0.40377373774781233 0.012673614790789944 0.027616506933854267
29 0.29872525371301506 0.4043185984051386 0.011220242195451657 0.030705139342673604
15 0.30818209926651136 0.4064441428580553 0.011165678493120801 0.029142639342673603
1 0.41433289554564706 0.42352058045336777 0.005587801088459088 0.025890352773541635
0 0.4175397410991433 0.42579159527100663 0.006232641832631991 0.022002286569131967
2 0.4230357729503088 0.4264455587018746 0.005451391832631991 0.021984102773541635
3 0.42777783665263963 0.427898955928333 0.006259923683797375 0.022783536569131967